T31_Chip Verification
L004X¡¢L024X¡¢L026X_MML004X_V2-85_-VD=5V&ID=88mA_2025-09-01 15.56.54_85.0deg_Psat.txt 
Saturation Power vs. Frequency_Frequency(GHz)_Psat(dBm)
Psat
1.00000  17.39080
1.50000  18.49860
2.00000  19.16530
2.50000  19.65520
3.00000  19.80840
3.50000  19.84240
4.00000  19.67120
4.50000  19.78680
5.00000  19.94750
5.50000  20.15440
6.00000  20.31900
6.50000  20.43390
7.00000  20.53010
7.50000  20.58260
8.00000  21.15150
8.50000  20.48660
9.00000  20.24500
9.50000  20.74310
10.00000  20.48980