T31_Chip Verification
L004X¡¢L024X¡¢L026X_MML004X_V2-85_-VD=5V&ID=88mA_2025-09-01 15.56.54_85.0deg_Gain vs. Pout.txt 
Gain vs. Pout_Pout(dBm)_Gain(dB)
1.0GHz  1.5GHz  2.0GHz  2.5GHz  3.0GHz  3.5GHz  4.0GHz  4.5GHz  5.0GHz  5.5GHz  6.0GHz  6.5GHz  7.0GHz  7.5GHz  8.0GHz  8.5GHz  9.0GHz  9.5GHz  10.0GHz
-3.87724  27.10846  -0.82711  29.25169  -0.45875  29.35455  -0.71721  29.22629  -0.76116  29.11404  -0.67302  28.99358  -0.84788  28.89482  -0.91866  28.80084  -0.97456  28.72054  -0.89602  28.71748  -0.92484  28.77466  -0.85494  28.82576  -0.75849  28.97161  -0.64206  29.03224  -0.75389  28.90871  -1.25566  28.42844  -2.30205  27.47465  -3.89667  26.03513  -5.48083  24.30667
-1.95980  27.10600  0.57967  29.25817  0.73577  29.35587  0.42792  29.22762  0.35123  29.11433  0.37123  28.98663  0.18342  28.89302  0.09439  28.80199  0.01575  28.71945  0.07950  28.71730  0.06552  28.78352  0.14366  28.82606  0.21950  28.97340  0.34103  29.03593  0.22901  28.90861  -0.28035  28.43165  -1.32692  27.47908  -2.90832  26.03538  -4.49654  24.30776
-0.93948  27.11532  1.58331  29.25931  1.77945  29.35375  1.46062  29.22532  1.30590  29.11090  1.35250  28.99240  1.16482  28.89442  1.07082  28.80572  0.99728  28.72408  1.05250  28.72190  1.03528  28.77978  1.10506  28.82826  1.18757  28.97707  1.32483  29.03863  1.19154  28.91594  0.69312  28.43362  -0.35807  27.48203  -1.93554  26.04186  -3.52678  24.31172
0.04534  27.11384  2.53852  29.26102  2.74801  29.35421  2.47384  29.22554  2.32701  29.11321  2.33312  28.99582  2.13340  28.89210  2.04296  28.80206  1.97132  28.72292  2.01884  28.72034  2.00507  28.78047  2.06577  28.82707  2.14941  28.97471  2.28207  29.04007  2.16515  28.91555  1.66080  28.43550  0.61682  27.48562  -0.95712  26.04338  -2.55491  24.31059
1.04764  27.11964  3.58268  29.26258  3.76290  29.35760  3.43469  29.22639  3.31940  29.11070  3.29046  28.99226  3.09436  28.89436  3.01652  28.79972  2.93452  28.72212  2.99733  28.72203  2.96636  28.78266  3.04495  28.83055  3.12872  28.97782  3.25606  29.04306  3.14295  28.91865  2.64775  28.44365  1.59833  27.49233  0.02509  26.04739  -1.58080  24.31170
2.03723  27.11713  4.56475  29.26195  4.73937  29.35817  4.44122  29.22502  4.32341  29.11241  4.26851  28.99031  4.07236  28.89556  4.00089  28.80219  3.91098  28.72398  3.97653  28.72203  3.94721  28.78311  4.02066  28.83276  4.10341  28.97861  4.23180  29.04360  4.13005  28.92295  3.63073  28.44823  2.57299  27.49579  1.00761  26.05191  -0.60496  24.31574
3.04718  27.11718  5.55601  29.26551  5.73817  29.35877  5.42807  29.23037  5.31645  29.11255  5.24553  28.99393  5.06013  28.89453  4.97410  28.80220  4.89245  28.72175  4.95296  28.72196  4.92166  28.78286  4.99631  28.83201  5.08441  28.98041  5.21421  29.04701  5.11513  28.92843  4.62149  28.45569  3.56622  27.50402  1.99522  26.05632  0.38449  24.31969
4.01956  27.10936  6.54516  29.26796  6.72604  29.35834  6.42200  29.23240  6.31263  29.11093  6.22858  28.99418  6.04238  28.89448  5.96408  28.80238  5.87246  28.72336  5.93531  28.72261  5.90305  28.78485  5.98131  28.83321  6.06717  28.98187  6.20376  29.05276  6.10861  28.93391  5.61493  28.46403  4.56144  27.51164  2.98780  26.06310  1.37394  24.32234
5.00846  27.10226  7.53530  29.26880  7.72990  29.36150  7.41661  29.23091  7.30664  29.11064  7.21641  28.99171  7.02915  28.89395  6.94996  28.80166  6.86468  28.72518  6.92295  28.72395  6.89524  28.78714  6.96933  28.83413  7.05657  28.98487  7.19582  29.05512  7.10018  28.93918  6.60888  28.47088  5.55653  27.52073  3.98542  26.06762  2.36670  24.32790
5.97854  27.08964  8.53693  29.27133  8.71920  29.36480  8.41297  29.23167  8.30958  29.11088  8.20570  28.99210  8.01843  28.89443  7.93868  28.80158  7.85118  28.72228  7.91139  28.72549  7.87855  28.78505  7.95827  28.83517  8.04646  28.98666  8.18690  29.05950  8.09368  28.94448  7.60917  28.48207  6.55781  27.53171  4.98400  26.07690  3.35998  24.33208
6.95879  27.06229  9.53248  29.27038  9.71339  29.36519  9.41833  29.23123  9.30467  29.11257  9.19614  28.99104  9.00859  28.89239  8.92719  28.79799  8.83946  28.72196  8.89703  28.72343  8.86682  28.78532  8.94988  28.83648  9.04056  28.98966  9.18136  29.06386  9.09393  28.95313  8.61358  28.49298  7.56419  27.54499  5.98676  26.08666  4.36230  24.34260
7.91893  27.02463  10.52970  29.26980  10.71570  29.36680  10.41900  29.23210  10.30050  29.10980  10.18730  28.98890  9.99941  28.89231  9.91781  28.79881  9.83075  28.72105  9.88779  28.72479  9.85764  28.78694  9.94382  28.83842  10.03410  28.99240  10.17900  29.06790  10.09470  28.96080  9.61868  28.50588  8.57243  27.55893  6.99204  26.09674  5.36439  24.34979
8.84466  26.95166  11.52230  29.26540  11.71330  29.36790  11.42220  29.23600  11.30010  29.10910  11.17820  28.98830  10.99290  28.88920  10.90840  28.79610  10.82210  28.72000  10.87900  28.72390  10.84950  28.78650  10.93690  28.83830  11.02700  28.99280  11.17450  29.07050  11.09200  28.96500  10.62560  28.51570  9.57792  27.57302  8.00195  26.10855  6.36866  24.35706
9.71308  26.82988  12.51190  29.25600  12.71280  29.36480  12.41510  29.23620  12.29640  29.10970  12.16970  28.98640  11.98440  28.88640  11.89990  28.79390  11.81150  28.71750  11.86690  28.72040  11.83910  28.78350  11.92600  28.83520  12.01050  28.99100  12.16030  29.07130  12.08280  28.97000  11.62470  28.52490  10.57930  27.58910  9.00066  26.12346  7.36073  24.36923
10.49610  26.62780  13.49240  29.24120  13.69960  29.36020  13.40810  29.23390  13.28800  29.10460  13.15160  28.97960  12.96950  28.88000  12.88140  28.78650  12.79570  28.71240  12.85000  28.71480  12.82100  28.77830  12.90590  28.82970  12.99470  28.98780  13.14440  29.06740  13.07200  28.97220  12.61750  28.53020  11.58180  27.60220  9.99982  26.13942  8.35561  24.38251
11.18110  26.32720  14.45920  29.21160  14.68640  29.34960  14.39800  29.22800  14.27460  29.09740  14.13370  28.97370  13.95160  28.87190  13.86390  28.77750  13.78030  28.70350  13.83360  28.70540  13.79890  28.76840  13.88430  28.82140  13.97440  28.97830  14.12410  29.05720  14.05670  28.96550  13.60150  28.52410  12.58210  27.60920  11.00230  26.15450  9.35424  24.39604
11.78510  25.94330  15.39790  29.15370  15.66070  29.32720  15.38330  29.21880  15.25830  29.08640  15.11300  28.96080  14.93160  28.85780  14.84320  28.76500  14.76250  28.69150  14.81330  28.69100  14.77150  28.75100  14.85600  28.80150  14.94700  28.95790  15.09510  29.03310  15.03220  28.94550  14.56810  28.49560  13.57220  27.60190  12.00940  26.16880  10.36090  24.41070
12.33490  25.50250  16.28120  29.04130  16.61370  29.28280  16.35960  29.20110  16.23280  29.06570  16.08630  28.94170  15.90320  28.83560  15.81580  28.74070  15.73600  28.66690  15.78240  28.66110  15.72790  28.71310  15.81330  28.76310  15.90700  28.91950  16.04360  28.98370  15.98730  28.89980  15.46750  28.39570  14.52950  27.55470  13.02060  26.18030  11.37420  24.42520
12.84350  25.01670  17.03680  28.80850  17.50640  29.18030  17.31130  29.15600  17.18560  29.02260  17.04350  28.90320  16.85100  28.78510  16.76950  28.69720  16.68590  28.61680  16.70770  28.58560  16.60850  28.59670  16.71220  28.66300  16.82440  28.83620  16.91320  28.85120  16.86530  28.77380  16.19740  28.12240  15.34310  27.36050  14.03070  26.18530  12.39580  24.43980
13.31440  24.49050  17.55720  28.35530  18.24300  28.91310  18.20630  29.05390  18.08680  28.93420  17.96560  28.82720  17.73380  28.66760  17.67120  28.60090  17.55060  28.49220  17.50820  28.39980  17.34670  28.33770  17.46380  28.41040  17.60670  28.61190  17.61370  28.54180  17.57220  28.48080  16.76800  27.71090  15.94090  26.97470  15.02830  26.16940  13.41980  24.45020
13.77640  23.95240  17.89570  27.72845  18.66740  28.32747  18.94930  28.80747  18.87790  28.74456  18.79740  28.66022  18.52580  28.47341  18.47000  28.42081  18.31860  28.27974  18.23610  28.14552  18.04460  28.03194  18.13390  28.08610  18.25040  28.27210  18.20950  28.15983  18.17250  28.10243  17.28760  27.25256  16.44180  26.49270  15.93080  26.08250  14.40250  24.44980
14.24500  23.41639  18.15850  27.02791  18.87640  27.53672  19.41350  28.27572  19.46220  28.34967  19.43320  28.31692  19.16760  28.13570  19.14860  28.11852  19.02160  27.99925  18.94020  27.86336  18.73110  27.74474  18.79840  27.77012  18.87250  27.91685  18.81460  27.78147  18.77560  27.72055  17.83770  26.81889  16.95660  26.01682  16.66050  25.82498  15.36880  24.43200
14.72180  22.88725  18.35100  26.25598  19.00610  26.68044  19.59680  27.45826  19.76520  27.68988  19.78560  27.68918  19.53750  27.52450  19.58710  27.57273  19.56160  27.54724  19.53690  27.47146  19.36890  27.40924  19.41730  27.40103  19.46540  27.52927  19.40500  27.38261  19.39120  27.34184  18.44640  26.43526  17.53640  25.59850  17.26520  25.43251  16.27030  24.34068
15.20590  22.36315  18.46450  25.40588  19.10080  25.80139  19.65520  26.51876  19.80840  26.78702  19.84240  26.77222  19.67120  26.67206  19.78680  26.78461  19.85310  26.83419  19.90890  26.85342  19.83670  26.90976  19.87110  26.85787  19.91630  27.00273  19.85950  26.84446  19.92450  26.87087  19.07360  26.06431  18.17450  25.23189  17.86110  25.02347  17.01440  24.08354
15.69180  21.83559  18.49860  24.47109  19.16530  24.89678  19.62950  25.49855  19.71020  25.74947  19.69520  25.65136  19.60510  25.61514  19.78670  25.79428  19.94750  25.89885  20.09710  26.05544  20.10610  26.21861  20.15230  26.13382  20.20150  26.31172  20.14770  26.13356  20.29030  26.22384  19.59770  25.58000  18.81830  24.86365  18.49660  24.65157  17.66450  23.72517
16.16570  21.30619  18.46480  23.46996  19.09980  23.87218  19.39570  24.27396  19.52070  24.61613  19.47860  24.45900  19.35070  24.36944  19.56720  24.58375  19.87670  24.77007  20.15440  25.12812  20.25460  25.40433  20.32300  25.29308  20.38330  25.51401  20.34640  25.32706  20.55940  25.47199  19.92930  24.89529  19.35260  24.37630  19.14450  24.29098  18.32070  23.37212
16.61570  20.74928  18.37730  22.41352  18.69520  22.50726  18.85190  22.74067  19.14170  23.29224  19.16600  23.16410  18.98600  23.01078  19.14650  23.17390  19.65990  23.47910  20.07820  24.08035  20.31900  24.50481  20.41330  24.36711  20.48580  24.63918  20.48240  24.45716  20.78000  24.66909  20.14870  24.09258  19.70310  23.69342  19.69930  23.83309  18.98850  23.02556
17.00400  20.12953  18.19670  21.26032  17.81900  20.65672  17.89200  20.79766  18.45410  21.65401  18.68550  21.70827  18.52130  21.55196  18.65800  21.70411  19.36630  22.11505  19.87450  22.91218  20.30880  23.52640  20.43390  23.37227  20.53010  23.70525  20.56280  23.53031  20.96360  23.82703  20.30690  23.22158  19.93010  22.88142  20.07960  23.18913  19.55000  22.56835
17.29140  19.40287  17.60410  19.69517  16.51990  18.36627  16.79210  18.70681  17.39550  19.62948  18.03840  20.07975  17.93200  19.96611  18.16270  20.22422  19.08250  20.77806  19.57130  21.64486  20.22370  22.46753  20.38660  22.30970  20.52340  22.72221  20.58260  22.54357  21.09400  22.93274  20.41190  22.29873  20.08060  21.99914  20.34050  22.43458  19.91120  21.91972
17.39080  18.48280  16.58850  17.70588  15.20880  16.05442  15.82960  16.75007  16.24480  17.49462  17.32350  18.37718  17.33850  18.37335  17.53110  18.60380  18.82650  19.49848  19.22320  20.33043  20.05260  21.31947  20.26000  21.17157  20.47220  21.69373  20.54590  21.49979  21.15150  21.96947  20.46960  21.33229  20.17480  21.06543  20.52660  21.61817  20.15590  21.16639
17.17600  17.23837  6.82754  7.01186  14.12130  13.96941  15.03290  14.95442  15.33880  15.59268  16.65590  16.71743  16.86400  16.89993  16.81210  16.89405  18.52600  18.18735  18.93720  19.06482  19.78830  20.07587  20.04620  19.95152  20.37400  20.61928  20.45630  20.40972  21.10690  20.91125  20.48660  20.33194  20.22670  20.09731  20.65520  20.75639  20.34130  20.36336
7.17976  6.07056  2.37329  1.55662  13.16300  11.99580  14.33310  13.25642  14.68690  13.94118  16.10470  15.17637  16.44680  15.48103  16.14570  15.23303  18.14920  16.81085  18.69500  17.83552  19.44710  18.75305  19.76200  18.67266  20.23550  19.50874  20.33240  19.29036  20.92980  19.72873  20.46620  19.30172  20.24500  19.10357  20.74310  19.86714  20.48980  19.53518