T31_Chip Verification
L004X¡¢L024X¡¢L026X_MML004X_V2-85_-VD=5V&ID=88mA_2025-09-01 15.56.54_85.0deg_PxdB vs. Frequency.txt 
PxdB vs. Frequency_Frequency(GHz)_PxdB(dBm)
P1dB  P3dB
1.00000  11.53181  1.00000  13.64227
1.50000  17.61180  1.50000  18.35100
2.00000  18.65371  2.00000  19.03970
2.50000  19.42533  2.50000  19.64774
3.00000  19.56972  3.00000  19.74505
3.50000  19.61508  3.50000  19.73794
4.00000  19.31079  4.00000  19.62216
4.50000  19.40321  4.50000  19.78670
5.00000  19.35257  5.00000  19.93608
5.50000  19.17118  5.50000  20.11743
6.00000  18.66466  6.00000  20.18754
6.50000  18.69122  6.50000  20.21287
7.00000  18.77216  7.00000  20.27774
7.50000  18.40469  7.50000  20.17334
8.00000  18.48378  8.00000  20.40315
8.50000  17.08646  8.50000  19.67258
9.00000  16.45841  9.00000  19.24919
9.50000  17.84188  9.50000  20.13010
10.00000  18.44995  10.00000  20.10854