T31_Chip Verification
L004X¡¢L024X¡¢L026X_MML004X_V2-40_-VD=3V&ID=42mA_2025-09-01 15.38.55_-40.0deg_Pout vs. Pin.txt 
Pout vs. Pin_Pin(dBm)_Pout(dBm)
1.0GHz  1.5GHz  2.0GHz  2.5GHz  3.0GHz  3.5GHz  4.0GHz  4.5GHz  5.0GHz  5.5GHz  6.0GHz  6.5GHz  7.0GHz  7.5GHz  8.0GHz  8.5GHz  9.0GHz  9.5GHz  10.0GHz
-31.11920  -4.24267  -30.14620  -1.07180  -29.78270  -0.65109  -29.95780  -0.95668  -30.00090  -1.10321  -29.69530  -0.89952  -29.79050  -1.07169  -29.79320  -1.16338  -29.79490  -1.24617  -29.69150  -1.16491  -29.78440  -1.22663  -29.75050  -1.19330  -29.79140  -1.13868  -29.74600  -1.05563  -29.73590  -1.14737  -29.77050  -1.55732  -29.86840  -2.45304  -30.00540  -3.87999  -29.85610  -5.34108
-29.17220  -2.34051  -28.75680  0.29756  -28.61380  0.50816  -28.87890  0.11955  -28.86360  0.03475  -28.67490  0.12537  -28.77880  -0.06080  -28.77550  -0.14508  -28.79210  -0.24376  -28.70810  -0.17933  -28.78300  -0.22995  -28.76950  -0.21343  -28.82790  -0.17299  -28.76670  -0.07601  -28.76580  -0.17613  -28.79130  -0.58017  -28.90720  -1.48553  -29.02290  -2.89374  -28.88580  -4.36628
-28.18360  -1.38661  -27.68900  1.35252  -27.60030  1.51319  -27.80930  1.18944  -27.84100  1.05568  -27.72030  1.07796  -27.82230  0.89435  -27.81420  0.81166  -27.80980  0.73579  -27.75420  0.77522  -27.82480  0.73314  -27.80650  0.74967  -27.87260  0.78256  -27.81500  0.88154  -27.80160  0.79606  -27.82610  0.39913  -27.93240  -0.50230  -28.04820  -1.90793  -27.91170  -3.38561
-27.16520  -0.41442  -26.70550  2.31422  -26.63080  2.46722  -26.82810  2.15674  -26.87220  2.01577  -26.74190  2.04733  -26.85230  1.86015  -26.84300  1.78505  -26.84120  1.70477  -26.78750  1.74292  -26.86560  1.69292  -26.84530  1.71821  -26.90370  1.75505  -26.84460  1.85629  -26.83510  1.76738  -26.87040  1.35739  -26.96610  0.47376  -27.07590  -0.93578  -26.94070  -2.41749
-26.18630  0.51071  -25.77920  3.21548  -25.64810  3.43950  -25.85700  3.12038  -25.86800  3.01809  -25.77200  3.02014  -25.87710  2.83194  -25.87030  2.75450  -25.87570  2.67155  -25.80100  2.72716  -25.89750  2.66061  -25.87580  2.68449  -25.93010  2.72867  -25.87190  2.82785  -25.85930  2.74438  -25.88240  2.35144  -25.99010  1.45457  -26.10070  0.04585  -25.96780  -1.43949
-25.19970  1.43797  -24.78250  4.18891  -24.66340  4.40890  -24.86140  4.11267  -24.87730  3.99933  -24.80390  3.97899  -24.90280  3.80314  -24.89890  3.71963  -24.90080  3.64101  -24.83220  3.69307  -24.92640  3.63127  -24.89900  3.65729  -24.96000  3.69881  -24.89670  3.80606  -24.88080  3.73236  -24.90490  3.34236  -25.01550  2.44199  -25.12250  1.03544  -24.99600  -0.45688
-24.19070  2.36461  -23.80240  5.13204  -23.68930  5.35992  -23.89480  5.06062  -23.88330  4.98362  -23.82920  4.94683  -23.92800  4.77378  -23.91850  4.69618  -23.92070  4.61821  -23.85310  4.67148  -23.95250  4.60465  -23.92850  4.63125  -23.98390  4.67865  -23.91880  4.78786  -23.90260  4.71471  -23.92830  4.32567  -24.03440  3.43410  -24.13980  2.02640  -24.01390  0.53065
-23.21120  3.24300  -22.80220  6.08641  -22.68610  6.33482  -22.89240  6.04850  -22.88970  5.96514  -22.84360  5.92360  -22.93940  5.75670  -22.93460  5.67638  -22.94180  5.59441  -22.87260  5.65014  -22.97340  5.58214  -22.93680  5.62301  -23.00250  5.65839  -22.93510  5.77215  -22.91420  5.70575  -22.93660  5.32791  -23.04600  4.43841  -23.15370  3.02291  -23.02860  1.52581
-22.23010  4.09729  -21.80870  7.02769  -21.69470  7.29462  -21.88520  7.03414  -21.89480  6.94391  -21.85770  6.89925  -21.95830  6.72895  -21.95160  6.65057  -21.94960  6.57908  -21.89030  6.62682  -21.98540  6.56605  -21.95550  6.60151  -22.01500  6.64229  -21.95020  6.75520  -21.92560  6.69776  -21.95490  6.32093  -22.06000  5.43725  -22.16410  4.02308  -22.04220  2.52045
-21.24080  4.92658  -20.82010  7.95089  -20.69560  8.24871  -20.89680  7.99667  -20.90000  7.92115  -20.86610  7.87137  -20.96370  7.71131  -20.95990  7.63248  -20.96200  7.55994  -20.90500  7.60671  -20.99990  7.54956  -20.96510  7.58746  -21.02910  7.62624  -20.96110  7.74470  -20.93670  7.68945  -20.96200  7.32334  -21.06990  6.44275  -21.17220  5.02738  -21.05170  3.52083
-20.25220  5.68711  -19.82570  8.85900  -19.69370  9.19687  -19.89300  8.96608  -19.89990  8.89010  -19.87450  8.84407  -19.97450  8.68359  -19.96920  8.61097  -19.97310  8.54101  -19.91640  8.58765  -20.01140  8.53062  -19.97500  8.57235  -20.04060  8.61069  -19.97120  8.73005  -19.94600  8.68028  -19.97270  8.32091  -20.07840  7.44762  -20.18060  6.03274  -20.06110  4.51930
-19.25860  6.37177  -18.82380  9.76259  -18.69450  10.13090  -18.89440  9.92532  -18.90300  9.85604  -18.88750  9.80621  -18.98300  9.65554  -18.98000  9.58147  -18.98130  9.51609  -18.92540  9.56487  -19.02250  9.50851  -18.98260  9.55139  -19.05000  9.58562  -18.98060  9.70483  -18.95240  9.66770  -18.97820  9.31401  -19.08390  8.44697  -19.18660  7.03782  -19.06680  5.52761
-18.26090  6.97632  -17.83190  10.62810  -17.69800  11.04620  -17.88970  10.87670  -17.90300  10.81080  -17.89330  10.76420  -17.98650  10.61980  -17.98470  10.54840  -17.98840  10.48690  -17.93410  10.53560  -18.03400  10.48080  -17.98980  10.52480  -18.05840  10.55390  -17.98670  10.67610  -17.96150  10.63840  -17.98270  10.29540  -18.09060  9.43981  -18.18840  8.04870  -18.06990  6.53524
-17.26390  7.51271  -16.84100  11.45050  -16.69560  11.94500  -16.89830  11.79770  -16.90860  11.74570  -16.90010  11.71200  -16.99570  11.57220  -16.99210  11.50360  -16.99530  11.44840  -16.94530  11.49700  -17.04050  11.44730  -16.99850  11.48790  -17.07440  11.50470  -17.00250  11.62250  -16.97550  11.59070  -16.99280  11.24620  -17.10470  10.40700  -17.20450  9.03971  -17.09050  7.53027
-16.26540  8.00792  -15.85320  12.20430  -15.69740  12.81000  -15.90150  12.70620  -15.91670  12.66180  -15.91440  12.63310  -16.00440  12.51190  -16.00450  12.44280  -16.00510  12.39390  -15.95460  12.43960  -16.05500  12.38520  -16.01340  12.42100  -16.08750  12.43450  -16.01560  12.54060  -15.98680  12.51620  -16.00540  12.14380  -16.11590  11.33300  -16.22000  10.02220  -16.10980  8.52195
-15.26000  8.49461  -14.87120  12.87330  -14.69880  13.61720  -14.90590  13.58000  -14.92650  13.54060  -14.92540  13.53030  -15.01470  13.41490  -15.01330  13.35120  -15.01320  13.31120  -14.96370  13.34890  -15.06910  13.28330  -15.02550  13.31670  -15.09950  13.32360  -15.02550  13.40330  -14.99510  13.38110  -15.01800  12.96180  -15.12460  12.18930  -15.23270  10.99580  -15.12420  9.51433
-14.25300  8.99265  -13.89400  13.46840  -13.69960  14.32650  -13.91100  14.38510  -13.93830  14.35100  -13.93740  14.36620  -14.02260  14.23030  -14.02280  14.17870  -14.01810  14.14340  -13.96960  14.16020  -14.08290  14.07380  -14.03500  14.10900  -14.10770  14.11880  -14.03140  14.15580  -13.99980  14.12900  -14.02480  13.66720  -14.12770  12.94010  -14.23910  11.93210  -14.13190  10.49630
-13.24420  9.50922  -12.92000  13.99760  -12.70430  14.90210  -12.91420  15.06380  -12.95480  15.02910  -12.94660  15.06500  -13.02880  14.88030  -13.02980  14.83110  -13.02050  14.80930  -12.97180  14.81450  -13.09540  14.70240  -13.03960  14.73040  -13.11280  14.75710  -13.03420  14.73470  -12.99750  14.71900  -13.02870  14.23480  -13.12240  13.56280  -13.23900  12.80530  -13.13400  11.45990
-12.23450  10.05240  -11.94810  14.43290  -11.71440  15.32690  -11.91650  15.56430  -11.97670  15.49810  -11.95540  15.55970  -12.03410  15.33690  -12.03940  15.27650  -12.01900  15.24080  -11.97230  15.27840  -12.10870  15.18260  -12.04300  15.15850  -12.11760  15.18120  -12.03230  15.11980  -11.99000  15.14790  -12.02640  14.67130  -12.10700  14.04780  -12.23050  13.57100  -12.12740  12.37710
-11.22720  10.63070  -10.98210  14.74940  -10.72640  15.56700  -10.91640  15.82440  -11.00890  15.72500  -10.96330  15.84890  -11.03600  15.62140  -11.04670  15.60360  -11.02420  15.49640  -10.98880  15.56910  -11.12360  15.55090  -11.03930  15.46360  -11.12150  15.45310  -11.02540  15.34380  -10.98440  15.43700  -11.04100  14.99520  -11.11400  14.41610  -11.21190  14.21270  -11.11260  13.21410
-10.22120  11.23900  -10.01430  14.95380  -9.74443  15.55290  -9.92555  15.84930  -10.05050  15.78610  -9.97211  15.95980  -10.05310  15.77670  -10.07360  15.82720  -10.03880  15.67500  -10.01400  15.76290  -10.13700  15.82270  -10.04580  15.68480  -10.14950  15.64140  -10.05040  15.47470  -9.99809  15.63060  -10.06010  15.24730  -10.12110  14.71860  -10.21290  14.70070  -10.12780  13.91770
-9.21419  11.88320  -9.04995  15.01030  -8.77080  15.29530  -8.93211  15.65710  -9.09974  15.70620  -9.00168  15.92180  -9.07686  15.84440  -9.09702  15.94470  -9.04567  15.80710  -9.03437  15.92100  -9.17972  16.01910  -9.06393  15.87940  -9.18208  15.80450  -9.06919  15.58600  -9.00660  15.79440  -9.07179  15.44320  -9.11854  14.98630  -9.21446  15.06930  -9.13995  14.48560
-8.20855  12.54880  -8.08627  14.87470  -7.79892  14.82510  -7.93986  15.26060  -8.15655  15.44150  -8.03260  15.71110  -8.09781  15.76760  -8.11759  15.93720  -8.04077  15.86160  -8.05452  16.03910  -8.22068  16.17250  -8.07485  16.06160  -8.21073  15.97380  -8.08148  15.68970  -8.00785  15.93690  -8.07435  15.60550  -8.10546  15.22780  -8.20713  15.35230  -8.14270  14.91560
-7.20265  13.23520  -7.12557  14.51470  -6.82325  14.19730  -6.94829  14.66570  -7.20629  15.01570  -7.06084  15.35410  -7.11192  15.48710  -7.13210  15.75720  -7.01445  15.79720  -7.07248  16.09390  -7.25856  16.27220  -7.07617  16.21910  -7.23670  16.14200  -7.08753  15.80530  -7.00155  16.06680  -7.07062  15.75590  -7.08312  15.45950  -7.19363  15.56780  -7.13916  15.23760
-6.19454  13.92150  -6.16213  13.99830  -5.83891  13.46820  -5.95482  13.92600  -6.24643  14.48200  -6.08102  14.89720  -6.12181  14.97770  -6.14492  15.37710  -5.96133  15.60290  -6.09568  16.03010  -6.29406  16.32060  -6.07058  16.32120  -6.26049  16.27870  -6.08713  15.93100  -5.99113  16.20130  -6.05973  15.91580  -6.05361  15.68460  -6.18001  15.76460  -6.13285  15.48880
-5.19417  14.51790  -5.19854  13.41190  -4.86169  12.69320  -4.95931  13.12890  -5.27595  13.84250  -5.09510  14.35150  -5.12418  14.34690  -5.15262  14.82510  -4.90154  15.35060  -5.12220  15.82280  -5.32551  16.29060  -5.05857  16.34910  -5.27943  16.36560  -5.08154  16.05850  -4.97322  16.35410  -5.04179  16.07750  -5.01857  15.88540  -5.16995  15.96400  -5.13047  15.71000
-4.18620  14.82970  -4.23524  12.83700  -3.88909  11.94290  -3.96366  12.48750  -4.30507  13.08690  -4.10308  13.76630  -4.11980  13.74870  -4.15662  14.11410  -3.86249  15.08890  -4.15468  15.52220  -4.35584  16.16700  -4.04252  16.27770  -4.29874  16.37820  -4.07504  16.17350  -3.95098  16.53250  -4.02031  16.22890  -4.04594  16.22990  -4.16064  16.16430  -4.12701  15.91630
-3.16666  14.64650  -3.26764  12.28550  -2.91565  11.22890  -2.97656  11.95010  -3.32904  12.38420  -3.12002  13.25920  -3.11391  13.28500  -3.16456  13.35330  -2.82891  14.79630  -3.17939  15.21070  -3.38106  15.95460  -3.02757  16.11550  -3.31704  16.31230  -3.06841  16.23370  -2.92563  16.71960  -2.99218  16.32430  -3.00538  16.33770  -3.14678  16.36730  -3.12001  16.12270
-1.93971  -0.85530  -2.29292  11.82180  -1.93732  10.58050  -1.98613  11.45990  -2.34800  11.85110  -2.13507  12.89070  -2.10806  12.97270  -2.16815  12.72390  -1.78979  14.50680  -2.19327  14.91570  -2.39763  15.65150  -2.01322  15.85780  -2.33337  16.17260  -2.06139  16.21370  -1.89897  16.83690  -1.96521  16.39060  -1.94426  16.34540  -2.21039  16.69970  -2.12134  16.31220
-0.92289  -2.85183  -1.34776  -4.03825  -1.10521  -1.60842  -0.99483  11.04580  -1.36349  11.44410  -1.14969  12.64870  -1.09784  12.78350  -1.16639  12.37310  -0.74260  14.27720  -1.20954  14.67020  -1.40567  15.34580  -1.00585  15.58410  -1.34925  16.00140  -1.05488  16.15090  -0.87756  16.83350  -0.94076  16.42980  -0.88106  16.35140  -1.20918  16.79910  -1.13056  16.60110
0.09026  -3.98611  -0.34559  -5.64804  -0.12571  -3.68863  -0.00005  10.70000  -0.40852  8.21656  -0.16788  12.51020  -0.08844  12.67770  -0.16536  12.25100  0.30899  14.08390  -0.22935  14.49090  -0.40968  15.11670  -0.00326  15.36040  -0.36336  15.79630  -0.05466  16.05800  0.13427  16.63620  0.07748  16.41380  0.13421  16.35930  -0.18436  16.85350  -0.14621  16.75460
1.10090  -4.79468  0.66822  -6.85334  0.87404  -5.36248  0.99378  10.39520  0.54308  1.19344  0.80668  12.43470  0.92023  12.62440  0.83352  12.21860  1.36093  13.85790  0.74401  14.38920  0.58762  14.97570  0.99223  15.26500  0.62040  15.57200  0.94097  15.95050  1.13605  16.30520  1.08906  16.35940  1.13500  16.32130  0.80354  16.92520  0.82821  16.87680