T31_Chip Verification
L004X¡¢L024X¡¢L026X_MML004X_V2-25_-VD=5V&ID=90mA_2025-09-01 15.05.38_25.0deg_Psat.txt 
Saturation Power vs. Frequency_Frequency(GHz)_Psat(dBm)
Psat
1.00000  18.27090
1.50000  18.92750
2.00000  19.68370
2.50000  20.32180
3.00000  20.50980
3.50000  20.50740
4.00000  20.24640
4.50000  20.33260
5.00000  20.43210
5.50000  20.62080
6.00000  20.78060
6.50000  20.85300
7.00000  20.92310
7.50000  20.92810
8.00000  21.51590
8.50000  20.83860
9.00000  20.56380
9.50000  21.10030
10.00000  20.87360