T31_Chip Verification
L004X¡¢L024X¡¢L026X_MML004X_V2-25_-VD=5V&ID=90mA_2025-09-01 15.05.38_25.0deg_PxdB vs. Frequency.txt 
PxdB vs. Frequency_Frequency(GHz)_PxdB(dBm)
P1dB  P3dB  P5dB
1.00000  12.02608  1.00000  14.03434  1.00000  15.87199
1.50000  18.35019  1.50000  18.85947  1.50000  18.91778
2.00000  19.40074  2.00000  19.63023  2.00000  19.62790
2.50000  20.15763  2.50000  20.29151  2.50000  19.91008
3.00000  20.30953  3.00000  20.39797  3.00000  19.91419
3.50000  20.34267  3.50000  20.35725  3.50000  19.88926
4.00000  19.88865  4.00000  20.19230  4.00000  19.72984
4.50000  19.92940  4.50000  20.31729  4.50000  19.81827
5.00000  19.61004  5.00000  20.42149  5.00000  20.18725
5.50000  19.00047  5.50000  20.57311  5.50000  20.48729
6.00000  18.07409  6.00000  20.62078  6.00000  20.77308
6.50000  18.10387  6.50000  20.59558  6.50000  20.84400
7.00000  18.19448  7.00000  20.58455  7.00000  20.89978
7.50000  17.89493  7.50000  20.34716  7.50000  20.82969
8.00000  17.95371  8.00000  20.46640  8.00000  21.16578
8.50000  16.74045  8.50000  19.15077  8.50000  20.50113
9.00000  16.11631  9.00000  18.20973  9.00000  20.18476
9.50000  17.25397  9.50000  20.19236  9.50000  20.88269
10.00000  17.70808  10.00000  20.36022  10.00000  20.83089