T31_Chip Verification
L004X¡¢L024X¡¢L026X_MML004X_V2-40_-VD=5V&ID=92mA_2025-09-01 15.36.17_-40.0deg_Gain vs. Pout.txt 
Gain vs. Pout_Pout(dBm)_Gain(dB)
1.0GHz  1.5GHz  2.0GHz  2.5GHz  3.0GHz  3.5GHz  4.0GHz  4.5GHz  5.0GHz  5.5GHz  6.0GHz  6.5GHz  7.0GHz  7.5GHz  8.0GHz  8.5GHz  9.0GHz  9.5GHz  10.0GHz
-2.49007  28.55643  0.51938  30.62498  0.77478  30.64918  0.47899  30.47269  0.44090  30.33480  0.52898  30.21528  0.34003  30.12354  0.24555  30.03195  0.14125  29.96375  0.28242  29.97082  0.33806  30.04426  0.40427  30.12977  0.57392  30.33862  0.76948  30.50638  0.79420  30.53000  0.43719  30.22469  -0.46686  29.40694  -1.95638  28.02202  -3.56255  26.27215
-0.54421  28.56079  1.92202  30.63382  2.05435  30.64705  1.61639  30.47489  1.52457  30.34127  1.55479  30.21459  1.33142  30.12022  1.27051  30.03461  1.15532  29.96612  1.26705  29.97205  1.31081  30.05171  1.36924  30.12794  1.56727  30.34007  1.74842  30.50852  1.76010  30.53360  1.42003  30.22883  0.50408  29.40838  -0.96964  28.02446  -2.58448  26.27602
0.42359  28.56399  2.92012  30.63392  2.98777  30.64577  2.64768  30.48248  2.52884  30.34104  2.52414  30.21774  2.31640  30.12220  2.24086  30.03666  2.12325  29.96825  2.24540  29.97240  2.26335  30.04945  2.32572  30.13012  2.52600  30.33950  2.71855  30.51185  2.72456  30.53836  2.38665  30.23195  1.47867  29.41277  0.00471  28.02741  -1.61357  26.27903
1.45797  28.57117  3.93679  30.63789  4.01028  30.65278  3.64811  30.47961  3.52535  30.34205  3.49357  30.21327  3.28506  30.12466  3.21071  30.03611  3.09519  29.96419  3.20579  29.97509  3.23046  30.04906  3.29804  30.13394  3.49021  30.34371  3.67956  30.51496  3.68982  30.54162  3.36262  30.23952  2.44340  29.41860  0.99067  28.03247  -0.63860  26.27920
2.48149  28.57519  4.89325  30.63845  4.97806  30.65216  4.64421  30.48251  4.53060  30.34450  4.46115  30.21725  4.25987  30.12227  4.18223  30.03603  4.06530  29.96450  4.17642  29.97302  4.19810  30.04940  4.26845  30.13375  4.45827  30.34437  4.65687  30.51627  4.67801  30.54381  4.34832  30.24482  3.42874  29.42434  1.96562  28.03612  0.33736  26.28396
3.42380  28.57880  5.89930  30.64460  5.98164  30.65744  5.61062  30.48322  5.50831  30.34361  5.42334  30.21724  5.22659  30.12829  5.15662  30.03712  5.03569  29.96489  5.15329  29.97469  5.17124  30.05254  5.24288  30.13508  5.43521  30.34511  5.63022  30.52032  5.66074  30.55174  5.32993  30.24943  4.40979  29.43259  2.95397  28.04327  1.31547  26.28757
4.42709  28.57039  6.88673  30.64743  6.97179  30.65629  6.60802  30.48382  6.50358  30.34588  6.40231  30.21501  6.19920  30.12370  6.13483  30.03583  6.01270  29.96820  6.13212  29.97302  6.15272  30.05312  6.22093  30.13583  6.41924  30.34694  6.61716  30.52306  6.64549  30.55469  6.32087  30.25797  5.40166  29.43986  3.94326  28.04906  2.30187  26.29377
5.40819  28.56549  7.87164  30.64904  7.96219  30.65949  7.58889  30.48429  7.49439  30.34839  7.38911  30.21601  7.18198  30.12308  7.11706  30.03676  6.99507  29.96607  7.11665  29.97535  7.12958  30.05188  7.20702  30.13772  7.40082  30.35202  7.60335  30.52715  7.63832  30.56162  7.31368  30.26658  6.39718  29.44948  4.93492  28.05822  3.29230  26.29740
6.38188  28.54768  8.87922  30.65322  8.95238  30.66258  8.59594  30.48634  8.48823  30.34623  8.37116  30.21546  8.17380  30.12250  8.10472  30.03562  7.98461  29.96611  8.10052  29.97452  8.11312  30.05182  8.19247  30.13737  8.38973  30.35153  8.59059  30.52829  8.62810  30.56680  8.30647  30.27427  7.39073  29.45813  5.93136  28.06486  4.28460  26.30430
7.34052  28.51762  9.86773  30.65293  9.94937  30.66477  9.59083  30.48673  9.49091  30.34471  9.36060  30.21380  9.16064  30.12044  9.09200  30.03280  8.97036  29.96436  9.08304  29.97264  9.09722  30.05082  9.17875  30.13715  9.37511  30.35071  9.58131  30.53111  9.62125  30.57035  9.30191  30.28051  8.39315  29.46915  6.93246  28.07296  5.28269  26.31059
8.27973  28.46363  10.86600  30.65100  10.94170  30.66490  10.59310  30.48610  10.48400  30.34360  10.34820  30.21190  10.14770  30.11570  10.07960  30.02970  9.95736  29.95986  10.06800  29.96810  10.08130  30.04750  10.16580  30.13400  10.36160  30.35100  10.57130  30.53150  10.61490  30.57270  10.30210  30.28610  9.39113  29.47513  7.93199  28.08269  6.27939  26.31719
9.19419  28.37639  11.85760  30.64570  11.94120  30.66460  11.59070  30.48390  11.47810  30.34120  11.33660  30.20820  11.13260  30.11110  11.06540  30.02440  10.94370  29.95490  11.05280  29.96330  11.06440  30.04160  11.15160  30.12840  11.34770  30.34590  11.55770  30.52680  11.60770  30.57410  11.29530  30.28760  10.39110  29.48300  8.93497  28.08997  7.28127  26.32527
10.05600  28.24730  12.84760  30.63890  12.93500  30.66280  12.59250  30.48500  12.47560  30.33810  12.32220  30.20380  12.11980  30.10390  12.05020  30.01750  11.93000  29.94800  12.03620  29.95540  12.04700  30.03290  12.13820  30.12130  12.33250  30.33940  12.54360  30.51950  12.59730  30.57010  12.28850  30.28400  11.38840  29.48850  9.94398  28.10378  8.28849  26.33549
10.85070  28.05460  13.83180  30.62420  13.92640  30.65690  13.57910  30.47930  13.46450  30.33260  13.30670  30.19630  13.10390  30.09320  13.03550  30.00840  12.91000  29.93840  13.01520  29.94450  13.02480  30.01890  13.11410  30.10710  13.30460  30.32670  13.51610  30.50710  13.57440  30.56210  13.26670  30.27250  12.37180  29.48590  10.93890  28.11520  9.27747  26.34757
11.56550  27.78400  14.80460  30.60350  14.91180  30.64750  14.56590  30.47190  14.44970  30.32290  14.28500  30.18440  14.08060  30.07900  14.00990  29.99560  13.88520  29.92390  13.98650  29.92720  13.98950  29.99860  14.08010  30.08770  14.27170  30.30750  14.47920  30.48430  14.54210  30.54170  14.22310  30.24120  13.34390  29.46930  11.92980  28.12390  10.27030  26.35830
12.19010  27.42910  15.77310  30.57400  15.89690  30.63600  15.55120  30.46280  15.43300  30.31250  15.25990  30.17130  15.05130  30.05980  14.98190  29.97780  14.85750  29.90370  14.95300  29.90070  14.94610  29.96660  15.03670  30.05680  15.22880  30.27510  15.43050  30.44430  15.49570  30.50320  15.12520  30.15340  14.28120  29.41270  12.92010  28.12830  11.26620  26.36960
12.74840  27.00040  16.72950  30.53160  16.87640  30.61890  16.53180  30.44910  16.41200  30.29580  16.23080  30.15260  16.01560  30.03140  15.94890  29.95180  15.82120  29.87210  15.90640  29.86030  15.87860  29.91190  15.97440  30.00340  16.16500  30.22100  16.34300  30.36300  16.39970  30.41280  15.85050  29.88480  15.06900  29.20380  13.90790  28.12480  12.26700  26.37980
13.25340  26.51510  17.60840  30.41750  17.83300  30.57940  17.50210  30.42490  17.38380  30.27180  17.19730  30.12450  16.95010  29.97220  16.90030  29.90880  16.75890  29.81410  16.79390  29.74850  16.68450  29.72570  16.80290  29.83800  17.00790  30.06710  17.05640  30.07850  17.09360  30.10750  16.35570  29.39390  15.61170  28.74000  14.88000  28.10020  13.26940  26.38560
13.70390  25.97220  18.30700  30.12860  18.70110  30.45310  18.42570  30.35360  18.32820  30.22010  18.13350  30.06600  17.78010  29.80580  17.77210  29.78540  17.56410  29.62360  17.48040  29.43270  17.25220  29.30420  17.35890  29.39970  17.56050  29.62150  17.49920  29.52040  17.55340  29.56340  16.71050  28.74670  15.97700  28.09010  15.76690  27.98270  14.26960  26.38110
14.09900  25.36830  18.77450  29.61960  19.44690  30.19860  19.24590  30.17690  19.18090  30.08420  18.99210  29.92540  18.51790  29.54450  18.54940  29.56760  18.23500  29.30670  18.05550  29.01940  17.77050  28.82940  17.81460  28.85570  17.95520  29.01640  17.86930  28.88260  17.93460  28.94440  16.99770  28.05130  16.25680  27.37730  16.42070  27.62070  15.25600  26.35510
14.52120  24.79060  18.99450  28.88066  19.88330  29.61791  20.02550  29.97018  19.97390  29.89497  19.81140  29.74522  19.31890  29.35770  19.31830  29.35900  18.95380  29.04650  18.73250  28.71419  18.44680  28.50250  18.42810  28.47790  18.46910  28.54900  18.34900  28.38510  18.36840  28.39960  17.32730  27.40200  16.54650  26.67630  16.84910  27.04990  16.10660  26.22300
14.97150  24.23614  19.13390  28.06329  19.97220  28.69757  20.59980  29.55012  20.63010  29.57432  20.57720  29.53412  20.20890  29.26327  20.15490  29.21219  19.77740  28.88267  19.57480  28.57116  19.27000  28.34457  19.23150  28.30124  19.19440  28.29311  19.02790  28.08080  18.96650  28.01454  17.81260  26.90355  16.95630  26.09148  17.18860  26.39105  16.71620  25.84483
15.44460  23.70290  19.22160  27.19287  19.97300  27.71024  20.75670  28.70528  20.91720  28.89864  20.95740  28.93609  20.63530  28.70732  20.64040  28.71337  20.39760  28.50119  20.37890  28.39071  20.16900  28.26144  20.12160  28.20228  20.02060  28.13270  19.83960  27.90272  19.71640  27.77343  18.48890  26.58959  17.55750  25.69522  17.58170  25.77945  17.14040  25.26865
15.94070  23.19181  19.24780  26.26088  19.97660  26.74329  20.71850  27.66646  20.92830  27.96781  20.92720  27.93566  20.69950  27.78637  20.78220  27.86836  20.71960  27.81068  20.77710  27.80563  20.73560  27.86393  20.67940  27.76037  20.59660  27.72896  20.45300  27.52350  20.39180  27.44653  19.31390  26.41955  18.32040  25.45774  18.15460  25.34639  17.55360  24.67617
16.46330  22.70194  19.21260  25.26239  19.99340  25.79609  20.60010  26.55446  20.74600  26.85732  20.67400  26.71331  20.53800  26.63815  20.68930  26.78744  20.79630  26.85522  20.93260  26.97962  20.97890  27.15432  20.94660  27.02009  20.90840  27.06831  20.74340  26.81555  20.77310  26.81548  20.09130  26.19398  19.18640  25.31661  18.91290  25.09683  18.15070  24.26431
16.99270  22.22716  19.12750  24.21434  19.85980  24.70998  20.23900  25.20431  20.42100  25.59988  20.33870  25.40649  20.14810  25.26394  20.32460  25.43705  20.68140  25.68162  20.94850  26.01692  21.10380  26.32582  21.09560  26.15789  21.08410  26.27288  20.94290  26.00931  21.06230  26.08361  20.48280  25.56999  19.89690  25.00444  19.76220  24.93545  18.93640  24.04087
17.52540  21.75285  19.00440  23.12702  19.32900  23.22550  19.50300  23.48159  19.88670  24.13237  19.85430  23.94463  19.63240  23.76185  19.74810  23.87870  20.38680  24.30725  20.81510  24.92022  21.14150  25.40799  21.15700  25.20292  21.17120  25.39094  21.06850  25.12753  21.31400  25.31047  20.72150  24.78561  20.26250  24.33219  20.40500  24.56055  19.78910  23.87983
18.03450  21.25237  18.81220  21.96680  18.25250  21.18070  18.28780  21.28507  18.90630  22.20938  19.12940  22.24837  18.94240  22.07901  19.16850  22.32405  19.99230  22.83421  20.51840  23.66882  21.08360  24.38888  21.12580  24.15586  21.18830  24.43587  21.12730  24.17906  21.52060  24.48824  20.88310  23.91488  20.48350  23.50810  20.76950  23.90086  20.40270  23.47633
18.50050  20.70380  18.09750  20.28864  16.77860  18.72051  17.09030  19.09883  17.39690  19.74539  18.26150  20.40146  18.19190  20.33379  18.59880  20.77394  19.62860  21.41507  20.10910  22.30364  20.92700  23.26529  21.00110  23.01479  21.14400  23.42063  21.12870  23.17378  21.67050  23.60703  20.99310  22.99369  20.55760  22.55627  21.00970  23.13296  20.71250  22.78141
18.84450  20.03537  17.02490  18.24767  15.58670  16.53139  16.26150  17.27868  16.16830  17.53735  17.47100  18.62520  17.61280  18.75705  17.80380  18.99508  19.28160  20.03973  19.67650  20.90629  20.67910  22.04351  20.78790  21.79139  21.05010  22.35595  21.07490  22.11376  21.73380  22.64294  21.04790  22.02086  20.71980  21.66916  21.12730  22.27466  20.91850  21.99644
18.84020  19.01481  3.50303  3.80337  14.58240  14.52738  15.57270  15.59609  15.43630  15.81334  16.86290  17.02761  17.21830  17.36718  16.88950  17.09521  18.82160  18.56169  19.38850  19.63367  20.30480  20.69358  20.48180  20.48176  20.90770  21.24201  20.97240  21.01096  21.63850  21.52837  21.04670  20.99748  20.75870  20.68115  21.25730  21.41145  21.06480  21.16064
4.81155  3.75154  -0.26319  -0.97053  13.61420  12.54217  14.90590  13.93453  14.91450  14.29279  16.44590  15.62182  16.89320  16.04293  16.20500  15.41859  18.32900  17.05722  19.11610  18.37361  19.86180  19.26940  20.13420  19.14085  20.72300  20.08956  20.84070  19.88438  21.34950  20.23076  21.00320  19.94050  20.74710  19.65039  21.35080  20.52171  21.18550  20.30980