T31_Chip Verification
L004X¡¢L024X¡¢L026X_MML004X_V2-40_-VD=5V&ID=92mA_2025-09-01 15.36.17_-40.0deg_Pout vs. Pin.txt 
Pout vs. Pin_Pin(dBm)_Pout(dBm)
1.0GHz  1.5GHz  2.0GHz  2.5GHz  3.0GHz  3.5GHz  4.0GHz  4.5GHz  5.0GHz  5.5GHz  6.0GHz  6.5GHz  7.0GHz  7.5GHz  8.0GHz  8.5GHz  9.0GHz  9.5GHz  10.0GHz
-31.04650  -2.49007  -30.10560  0.51938  -29.87440  0.77478  -29.99370  0.47899  -29.89390  0.44090  -29.68630  0.52898  -29.78350  0.34003  -29.78640  0.24555  -29.82250  0.14125  -29.68840  0.28242  -29.70620  0.33806  -29.72550  0.40427  -29.76470  0.57392  -29.73690  0.76948  -29.73580  0.79420  -29.78750  0.43719  -29.87380  -0.46686  -29.97840  -1.95638  -29.83470  -3.56255
-29.10500  -0.54421  -28.71180  1.92202  -28.59270  2.05435  -28.85850  1.61639  -28.81670  1.52457  -28.65980  1.55479  -28.78880  1.33142  -28.76410  1.27051  -28.81080  1.15532  -28.70500  1.26705  -28.74090  1.31081  -28.75870  1.36924  -28.77280  1.56727  -28.76010  1.74842  -28.77350  1.76010  -28.80880  1.42003  -28.90430  0.50408  -28.99410  -0.96964  -28.86050  -2.58448
-28.14040  0.42359  -27.71380  2.92012  -27.65800  2.98777  -27.83480  2.64768  -27.81220  2.52884  -27.69360  2.52414  -27.80580  2.31640  -27.79580  2.24086  -27.84500  2.12325  -27.72700  2.24540  -27.78610  2.26335  -27.80440  2.32572  -27.81350  2.52600  -27.79330  2.71855  -27.81380  2.72456  -27.84530  2.38665  -27.93410  1.47867  -28.02270  0.00471  -27.89260  -1.61357
-27.11320  1.45797  -26.70110  3.93679  -26.64250  4.01028  -26.83150  3.64811  -26.81670  3.52535  -26.71970  3.49357  -26.83960  3.28506  -26.82540  3.21071  -26.86900  3.09519  -26.76930  3.20579  -26.81860  3.23046  -26.83590  3.29804  -26.85350  3.49021  -26.83540  3.67956  -26.85180  3.68982  -26.87690  3.36262  -26.97520  2.44340  -27.04180  0.99067  -26.91780  -0.63860
-26.09370  2.48149  -25.74520  4.89325  -25.67410  4.97806  -25.83830  4.64421  -25.81390  4.53060  -25.75610  4.46115  -25.86240  4.25987  -25.85380  4.18223  -25.89920  4.06530  -25.79660  4.17642  -25.85130  4.19810  -25.86530  4.26845  -25.88610  4.45827  -25.85940  4.65687  -25.86580  4.67801  -25.89650  4.34832  -25.99560  3.42874  -26.07050  1.96562  -25.94660  0.33736
-25.15500  3.42380  -24.74530  5.89930  -24.67580  5.98164  -24.87260  5.61062  -24.83530  5.50831  -24.79390  5.42334  -24.90170  5.22659  -24.88050  5.15662  -24.92920  5.03569  -24.82140  5.15329  -24.88130  5.17124  -24.89220  5.24288  -24.90990  5.43521  -24.89010  5.63022  -24.89100  5.66074  -24.91950  5.32993  -25.02280  4.40979  -25.08930  2.95397  -24.97210  1.31547
-24.14330  4.42709  -23.76070  6.88673  -23.68450  6.97179  -23.87580  6.60802  -23.84230  6.50358  -23.81270  6.40231  -23.92450  6.19920  -23.90100  6.13483  -23.95550  6.01270  -23.84090  6.13212  -23.90040  6.15272  -23.91490  6.22093  -23.92770  6.41924  -23.90590  6.61716  -23.90920  6.64549  -23.93710  6.32087  -24.03820  5.40166  -24.10580  3.94326  -23.99190  2.30187
-23.15730  5.40819  -22.77740  7.87164  -22.69730  7.96219  -22.89540  7.58889  -22.85400  7.49439  -22.82690  7.38911  -22.94110  7.18198  -22.91970  7.11706  -22.97100  6.99507  -22.85870  7.11665  -22.92230  7.12958  -22.93070  7.20702  -22.95120  7.40082  -22.92380  7.60335  -22.92330  7.63832  -22.95290  7.31368  -23.05230  6.39718  -23.12330  4.93492  -23.00510  3.29230
-22.16580  6.38188  -21.77400  8.87922  -21.71020  8.95238  -21.89040  8.59594  -21.85800  8.48823  -21.84430  8.37116  -21.94870  8.17380  -21.93090  8.10472  -21.98150  7.98461  -21.87400  8.10052  -21.93870  8.11312  -21.94490  8.19247  -21.96180  8.38973  -21.93770  8.59059  -21.93870  8.62810  -21.96780  8.30647  -22.06740  7.39073  -22.13350  5.93136  -22.01970  4.28460
-21.17710  7.34052  -20.78520  9.86773  -20.71540  9.94937  -20.89590  9.59083  -20.85380  9.49091  -20.85320  9.36060  -20.95980  9.16064  -20.94080  9.09200  -20.99400  8.97036  -20.88960  9.08304  -20.95360  9.09722  -20.95840  9.17875  -20.97560  9.37511  -20.94980  9.58131  -20.94910  9.62125  -20.97860  9.30191  -21.07600  8.39315  -21.14050  6.93246  -21.02790  5.28269
-20.18390  8.27973  -19.78500  10.86600  -19.72320  10.94170  -19.89300  10.59310  -19.85960  10.48400  -19.86370  10.34820  -19.96800  10.14770  -19.95010  10.07960  -20.00250  9.95736  -19.90010  10.06800  -19.96620  10.08130  -19.96820  10.16580  -19.98940  10.36160  -19.96020  10.57130  -19.95780  10.61490  -19.98400  10.30210  -20.08400  9.39113  -20.15070  7.93199  -20.03780  6.27939
-19.18220  9.19419  -18.78810  11.85760  -18.72340  11.94120  -18.89320  11.59070  -18.86310  11.47810  -18.87160  11.33660  -18.97850  11.13260  -18.95900  11.06540  -19.01120  10.94370  -18.91050  11.05280  -18.97720  11.06440  -18.97680  11.15160  -18.99820  11.34770  -18.96910  11.55770  -18.96640  11.60770  -18.99230  11.29530  -19.09190  10.39110  -19.15500  8.93497  -19.04400  7.28127
-18.19130  10.05600  -17.79130  12.84760  -17.72780  12.93500  -17.89250  12.59250  -17.86250  12.47560  -17.88160  12.32220  -17.98410  12.11980  -17.96730  12.05020  -18.01800  11.93000  -17.91920  12.03620  -17.98590  12.04700  -17.98310  12.13820  -18.00690  12.33250  -17.97590  12.54360  -17.97280  12.59730  -17.99550  12.28850  -18.10010  11.38840  -18.15980  9.94398  -18.04700  8.28849
-17.20390  10.85070  -16.79240  13.83180  -16.73050  13.92640  -16.90020  13.57910  -16.86810  13.46450  -16.88960  13.30670  -16.98930  13.10390  -16.97290  13.03550  -17.02840  12.91000  -16.92930  13.01520  -16.99410  13.02480  -16.99300  13.11410  -17.02210  13.30460  -16.99100  13.51610  -16.98770  13.57440  -17.00580  13.26670  -17.11410  12.37180  -17.17630  10.93890  -17.07010  9.27747
-16.21850  11.56550  -15.79890  14.80460  -15.73570  14.91180  -15.90600  14.56590  -15.87320  14.44970  -15.89940  14.28500  -15.99840  14.08060  -15.98570  14.00990  -16.03870  13.88520  -15.94070  13.98650  -16.00910  13.98950  -16.00760  14.08010  -16.03580  14.27170  -16.00510  14.47920  -15.99960  14.54210  -16.01810  14.22310  -16.12540  13.34390  -16.19410  11.92980  -16.08800  10.27030
-15.23900  12.19010  -14.80090  15.77310  -14.73910  15.89690  -14.91160  15.55120  -14.87950  15.43300  -14.91140  15.25990  -15.00850  15.05130  -14.99590  14.98190  -15.04620  14.85750  -14.94770  14.95300  -15.02050  14.94610  -15.02010  15.03670  -15.04630  15.22880  -15.01380  15.43050  -15.00750  15.49570  -15.02820  15.12520  -15.13150  14.28120  -15.20820  12.92010  -15.10340  11.26620
-14.25200  12.74840  -13.80210  16.72950  -13.74250  16.87640  -13.91730  16.53180  -13.88380  16.41200  -13.92180  16.23080  -14.01580  16.01560  -14.00290  15.94890  -14.05090  15.82120  -13.95390  15.90640  -14.03330  15.87860  -14.02900  15.97440  -14.05600  16.16500  -14.02000  16.34300  -14.01310  16.39970  -14.03430  15.85050  -14.13480  15.06900  -14.21690  13.90790  -14.11280  12.26700
-13.26170  13.25340  -12.80910  17.60840  -12.74640  17.83300  -12.92280  17.50210  -12.88800  17.38380  -12.92720  17.19730  -13.02210  16.95010  -13.00850  16.90030  -13.05520  16.75890  -12.95460  16.79390  -13.04120  16.68450  -13.03510  16.80290  -13.05920  17.00790  -13.02210  17.05640  -13.01390  17.09360  -13.03820  16.35570  -13.12830  15.61170  -13.22020  14.88000  -13.11620  13.26940
-12.26830  13.70390  -11.82160  18.30700  -11.75200  18.70110  -11.92790  18.42570  -11.89190  18.32820  -11.93250  18.13350  -12.02570  17.78010  -12.01330  17.77210  -12.05950  17.56410  -11.95230  17.48040  -12.05200  17.25220  -12.04080  17.35890  -12.06100  17.56050  -12.02120  17.49920  -12.01000  17.55340  -12.03620  16.71050  -12.11310  15.97700  -12.21580  15.76690  -12.11150  14.26960
-11.26930  14.09900  -10.84510  18.77450  -10.75170  19.44690  -10.93100  19.24590  -10.90330  19.18090  -10.93330  18.99210  -11.02660  18.51790  -11.01820  18.54940  -11.07170  18.23500  -10.96390  18.05550  -11.05890  17.77050  -11.04110  17.81460  -11.06120  17.95520  -11.01330  17.86930  -11.00980  17.93460  -11.05360  16.99770  -11.12050  16.25680  -11.20000  16.42070  -11.09910  15.25600
-10.26940  14.52120  -9.88616  18.99450  -9.73461  19.88330  -9.94468  20.02550  -9.92107  19.97390  -9.93382  19.81140  -10.03880  19.31890  -10.04070  19.31830  -10.09270  18.95380  -9.98169  18.73250  -10.05570  18.44680  -10.04980  18.42810  -10.07990  18.46910  -10.03610  18.34900  -10.03120  18.36840  -10.07470  17.32730  -10.12980  16.54650  -10.20080  16.84910  -10.11640  16.10660
-9.26464  14.97150  -8.92939  19.13390  -8.72537  19.97220  -8.95032  20.59980  -8.94422  20.63010  -8.95692  20.57720  -9.05437  20.20890  -9.05729  20.15490  -9.10527  19.77740  -8.99636  19.57480  -9.07457  19.27000  -9.06974  19.23150  -9.09871  19.19440  -9.05290  19.02790  -9.04804  18.96650  -9.09095  17.81260  -9.13518  16.95630  -9.20245  17.18860  -9.12863  16.71620
-8.25830  15.44460  -7.97127  19.22160  -7.73724  19.97300  -7.94858  20.75670  -7.98144  20.91720  -7.97869  20.95740  -8.07202  20.63530  -8.07297  20.64040  -8.10359  20.39760  -8.01181  20.37890  -8.09244  20.16900  -8.08068  20.12160  -8.11210  20.02060  -8.06312  19.83960  -8.05703  19.71640  -8.10069  18.48890  -8.13772  17.55750  -8.19775  17.58170  -8.12825  17.14040
-7.25111  15.94070  -7.01308  19.24780  -6.76669  19.97660  -6.94796  20.71850  -7.03951  20.92830  -7.00846  20.92720  -7.08687  20.69950  -7.08616  20.78220  -7.09108  20.71960  -7.02853  20.77710  -7.12833  20.73560  -7.08097  20.67940  -7.13236  20.59660  -7.07050  20.45300  -7.05473  20.39180  -7.10565  19.31390  -7.13734  18.32040  -7.19179  18.15460  -7.12257  17.55360
-6.23864  16.46330  -6.04979  19.21260  -5.80269  19.99340  -5.95436  20.60010  -6.11132  20.74600  -6.03931  20.67400  -6.10015  20.53800  -6.09814  20.68930  -6.05892  20.79630  -6.04702  20.93260  -6.17542  20.97890  -6.07349  20.94660  -6.15991  20.90840  -6.07215  20.74340  -6.04238  20.77310  -6.10268  20.09130  -6.13021  19.18640  -6.18393  18.91290  -6.11361  18.15070
-5.23446  16.99270  -5.08684  19.12750  -4.85018  19.85980  -4.96531  20.23900  -5.17888  20.42100  -5.06779  20.33870  -5.11584  20.14810  -5.11245  20.32460  -5.00022  20.68140  -5.06842  20.94850  -5.22202  21.10380  -5.06229  21.09560  -5.18878  21.08410  -5.06641  20.94290  -5.02131  21.06230  -5.08719  20.48280  -5.10754  19.89690  -5.17325  19.76220  -5.10447  18.93640
-4.22745  17.52540  -4.12262  19.00440  -3.89650  19.32900  -3.97859  19.50300  -4.24567  19.88670  -4.09033  19.85430  -4.12945  19.63240  -4.13060  19.74810  -3.92045  20.38680  -4.10512  20.81510  -4.26649  21.14150  -4.04592  21.15700  -4.21974  21.17120  -4.05903  21.06850  -3.99647  21.31400  -4.06411  20.72150  -4.06969  20.26250  -4.15555  20.40500  -4.09073  19.78910
-3.21787  18.03450  -3.15460  18.81220  -2.92820  18.25250  -2.99727  18.28780  -3.30308  18.90630  -3.11897  19.12940  -3.13661  18.94240  -3.15555  19.16850  -2.84191  19.99230  -3.15042  20.51840  -3.30528  21.08360  -3.03006  21.12580  -3.24757  21.18830  -3.05176  21.12730  -2.96764  21.52060  -3.03178  20.88310  -3.02460  20.48350  -3.13136  20.76950  -3.07363  20.40270
-2.20330  18.50050  -2.19114  18.09750  -1.94191  16.77860  -2.00853  17.09030  -2.34849  17.39690  -2.13996  18.26150  -2.14189  18.19190  -2.17514  18.59880  -1.78647  19.62860  -2.19454  20.10910  -2.33829  20.92700  -2.01369  21.00110  -2.27663  21.14400  -2.04508  21.12870  -1.93653  21.67050  -2.00059  20.99310  -1.99867  20.55760  -2.12326  21.00970  -2.06891  20.71250
-1.19087  18.84450  -1.22277  17.02490  -0.94468  15.58670  -1.01718  16.26150  -1.36905  16.16830  -1.15420  17.47100  -1.14425  17.61280  -1.19128  17.80380  -0.75813  19.28160  -1.22979  19.67650  -1.36441  20.67910  -1.00349  20.78790  -1.30585  21.05010  -1.03886  21.07490  -0.90914  21.73380  -0.97296  21.04790  -0.94936  20.71980  -1.14736  21.12730  -1.07794  20.91850
-0.17461  18.84020  -0.30034  3.50303  0.05502  14.58240  -0.02339  15.57270  -0.37704  15.43630  -0.16471  16.86290  -0.14888  17.21830  -0.20571  16.88950  0.25991  18.82160  -0.24516  19.38850  -0.38878  20.30480  0.00004  20.48180  -0.33431  20.90770  -0.03856  20.97240  0.11013  21.63850  0.04922  21.04670  0.07755  20.75870  -0.15415  21.25730  -0.09584  21.06480
1.06001  4.81155  0.70734  -0.26319  1.07203  13.61420  0.97137  14.90590  0.62171  14.91450  0.82408  16.44590  0.85027  16.89320  0.78641  16.20500  1.27178  18.32900  0.74249  19.11610  0.59240  19.86180  0.99335  20.13420  0.63344  20.72300  0.95632  20.84070  1.11874  21.34950  1.06270  21.00320  1.09671  20.74710  0.82909  21.35080  0.87570  21.18550