T31_Chip Verification
L004X¡¢L024X¡¢L026X_MML004X_V2-25_-VD=3V&ID=43mA_2025-09-01 14.49.13_25.0deg_OIP3 vs. Frequency.txt 
OIP3 vs. Frequency_Frequency(GHz)_OIP3(dBm)
OIP3
1.00000  18.20306
1.50000  24.59527
2.00000  26.74623
2.50000  27.37236
3.00000  27.53252
3.50000  27.41267
4.00000  27.66735
4.50000  27.44682
5.00000  28.12298
5.50000  28.12981
6.00000  27.84689
6.50000  27.40267
7.00000  27.44121
7.50000  27.40682
8.00000  27.74001
8.50000  28.68221
9.00000  28.93665
9.50000  30.29330
10.00000  29.36623