T31_Chip Verification
L004X¡¢L024X¡¢L026X_MML004X_V2-85_-VD=3V&ID=42mA_2025-09-01 15.54.53_85.0deg_OIP3 vs. Frequency.txt 
OIP3 vs. Frequency_Frequency(GHz)_OIP3(dBm)
OIP3
1.00000  19.60900
1.50000  25.65897
2.00000  27.36662
2.50000  28.09806
3.00000  27.75219
3.50000  27.27290
4.00000  27.29793
4.50000  27.19618
5.00000  27.73550
5.50000  27.71240
6.00000  27.44849
6.50000  26.98423
7.00000  26.97978
7.50000  26.84893
8.00000  27.04940
8.50000  27.58329
9.00000  28.60719
9.50000  28.76616
10.00000  30.06523