T31_Chip Verification
L004X¡¢L024X¡¢L026X_MML004X_V2-85_VD=5V&ID=88mA_2025-09-01 15.57.38_85.0deg_Psat.txt
Saturation Power vs. Frequency_Frequency(GHz)_Psat(dBm)
Psat
1.00000  17.39400
1.50000  18.49660
2.00000  19.16600
2.50000  19.65590
3.00000  19.81110
3.50000  19.84580
4.00000  19.67750
4.50000  19.79090
5.00000  19.94940
5.50000  20.15610
6.00000  20.31790
6.50000  20.43860
7.00000  20.53350
7.50000  20.58320
8.00000  21.15050
8.50000  20.48530
9.00000  20.24670
9.50000  20.79590
10.00000  20.60560
