T31_Chip Verification
L004X¡¢L024X¡¢L026X_MML004X_V2-85_VD=5V&ID=88mA_2025-09-01 15.57.38_85.0deg_OIP3 vs. Frequency.txt
OIP3 vs. Frequency_Frequency(GHz)_OIP3(dBm)
OIP3
1.00000  26.60169
1.50000  31.25807
2.00000  31.53809
2.50000  31.70476
3.00000  31.54326
3.50000  30.39467
4.00000  29.79929
4.50000  29.80145
5.00000  29.74972
5.50000  29.40988
6.00000  28.76744
6.50000  28.68630
7.00000  28.58249
7.50000  28.27570
8.00000  27.98574
8.50000  27.51330
9.00000  27.35544
9.50000  27.92048
10.00000  28.36439
