T31_Chip Verification
L004X¡¢L024X¡¢L026X_MML004X_V2-85_VD=5V&ID=88mA_2025-09-01 15.57.38_85.0deg_PxdB vs. Frequency.txt
PxdB vs. Frequency_Frequency(GHz)_PxdB(dBm)
P1dB  P3dB  P5dB
1.00000  11.52362  1.00000  13.64555  1.00000  15.43133
1.50000  17.62043  1.50000  18.34990  1.50000  18.49010
2.00000  18.65414  2.00000  19.04031  2.00000  19.13359
2.50000  19.42444  2.50000  19.64862  2.50000  19.38611
3.00000  19.57555  3.00000  19.74915  3.00000  19.37346
3.50000  19.61771  3.50000  19.74259  3.50000  19.36846
4.00000  19.31751  4.00000  19.62980  4.00000  19.22210
4.50000  19.40495  4.50000  19.79090  4.50000  19.33516
5.00000  19.35329  5.00000  19.93840  5.00000  19.70285
5.50000  19.15784  5.50000  20.12148  5.50000  20.02037
6.00000  18.65726  6.00000  20.18763  6.00000  20.31273
6.50000  18.68685  6.50000  20.21486  6.50000  20.42797
7.00000  18.76780  7.00000  20.28000  7.00000  20.52062
7.50000  18.40776  7.50000  20.16890  7.50000  20.52048
8.00000  18.46490  8.00000  20.40506  8.00000  20.94531
8.50000  17.07878  8.50000  19.66423  8.50000  20.27087
9.00000  16.44683  9.00000  19.24982  9.00000  19.99935
9.50000  17.85280  9.50000  20.13538  9.50000  20.61681
10.00000  18.46157  10.00000  20.11728  10.00000  20.52302
