T31_Chip Verification
L004X¡¢L024X¡¢L026X_MML004X_V2-85_VD=5V&ID=88mA_2025-09-01 15.57.38_85.0deg_Gain vs. Pout.txt
Gain vs. Pout_Pout(dBm)_Gain(dB)
1.0GHz  1.5GHz  2.0GHz  2.5GHz  3.0GHz  3.5GHz  4.0GHz  4.5GHz  5.0GHz  5.5GHz  6.0GHz  6.5GHz  7.0GHz  7.5GHz  8.0GHz  8.5GHz  9.0GHz  9.5GHz  10.0GHz
-3.82224  27.11486  -0.70260  29.25310  -0.38881  29.35099  -0.71453  29.21847  -0.70601  29.10348  -0.59705  28.98675  -0.80720  28.89070  -0.87241  28.79369  -0.95837  28.71523  -0.86409  28.71651  -0.88610  28.77150  -0.82850  28.81710  -0.74798  28.96692  -0.61332  29.02438  -0.73206  28.90394  -1.25133  28.42017  -2.29791  27.46819  -3.88095  26.02655  -5.47623  24.29427
-1.87193  27.11317  0.69026  29.25336  0.83418  29.35168  0.52057  29.21797  0.34659  29.10599  0.41739  28.98779  0.22409  28.88969  0.11581  28.79441  0.05916  28.71556  0.11061  28.71561  0.09215  28.77285  0.15966  28.82066  0.22708  28.96998  0.35645  29.02675  0.23786  28.90366  -0.27065  28.42194  -1.32272  27.46668  -2.90528  26.03302  -4.50438  24.29682
-0.86776  27.11444  1.66027  29.25587  1.80824  29.35254  1.52337  29.22357  1.40460  29.11180  1.37668  28.98968  1.19333  28.88933  1.09689  28.79569  1.01134  28.71344  1.05486  28.71596  1.04549  28.77339  1.11634  28.81964  1.19217  28.96947  1.32056  29.03036  1.19292  28.90772  0.69603  28.42583  -0.34737  27.47543  -1.93911  26.03429  -3.53488  24.30122
0.11796  27.11686  2.62247  29.25717  2.78668  29.35348  2.48165  29.22425  2.37536  29.11126  2.33394  28.98874  2.15899  28.89189  2.05886  28.79656  1.97018  28.71288  2.02921  28.71681  1.99937  28.77367  2.07848  28.81968  2.16241  28.96701  2.28651  29.02991  2.17200  28.90910  1.65990  28.42800  0.61302  27.47892  -0.95591  26.03639  -2.55755  24.30215
1.06955  27.12025  3.56946  29.25886  3.75959  29.35309  3.47046  29.22546  3.35632  29.11262  3.30453  28.98913  3.11622  28.89202  3.02766  28.79756  2.93607  28.71597  3.00280  28.71800  2.97434  28.77464  3.04783  28.82223  3.12534  28.97224  3.25569  29.03399  3.14706  28.91286  2.64560  28.43450  1.59120  27.48280  0.02198  26.04048  -1.58589  24.30551
2.03814  27.11734  4.56913  29.26073  4.75674  29.35574  4.43655  29.22625  4.33169  29.10799  4.27667  28.98967  4.08472  28.89132  4.00952  28.79842  3.91342  28.71692  3.97577  28.71897  3.94840  28.77590  4.01122  28.82402  4.09624  28.97284  4.22663  29.03593  4.12418  28.91638  3.62569  28.44039  2.56770  27.48620  1.00183  26.04493  -0.61208  24.30592
3.06603  27.11773  5.56418  29.26398  5.75420  29.35740  5.42469  29.22699  5.31854  29.11004  5.25305  28.98885  5.05672  28.89282  4.97406  28.79736  4.89115  28.71855  4.95078  28.71948  4.92121  28.77671  4.98750  28.82570  5.07863  28.97513  5.21286  29.04046  5.11238  28.92278  4.61403  28.44673  3.55738  27.49538  1.99046  26.05026  0.37577  24.31147
4.02826  27.11326  6.54217  29.26567  6.73644  29.35994  6.41936  29.22746  6.31496  29.10996  6.23029  28.98909  6.03967  28.89347  5.95596  28.79836  5.87150  28.71810  5.93168  28.72058  5.90198  28.77788  5.97728  28.82828  6.06234  28.97794  6.19652  29.04372  6.10035  28.92735  5.60369  28.45499  4.55230  27.50370  2.97872  26.05432  1.36309  24.31579
5.01606  27.10466  7.53899  29.26819  7.72756  29.36196  7.41966  29.23076  7.31331  29.11221  7.21352  28.99022  7.02429  28.89409  6.94655  28.79855  6.85656  28.71836  6.91745  28.72155  6.88424  28.78034  6.96266  28.82886  7.05105  28.97955  7.18616  29.04696  7.09239  28.93249  6.59865  28.46315  5.54886  27.51316  3.97551  26.06151  2.35603  24.32033
5.98972  27.08792  8.53873  29.26943  8.72235  29.36415  8.41655  29.22985  8.30791  29.11331  8.20632  28.99032  8.01954  28.89154  7.93290  28.79740  7.85028  28.71898  7.90345  28.72225  7.87031  28.78001  7.95095  28.82905  8.03799  28.98119  8.17726  29.05136  8.08441  28.93791  7.59787  28.47437  6.54859  27.52519  4.97349  26.06999  3.35013  24.32643
6.96714  27.06684  9.53052  29.27052  9.71725  29.36475  9.41714  29.23074  9.30463  29.11193  9.19366  28.98906  9.00841  28.89131  8.92148  28.79648  8.83309  28.71639  8.89023  28.71993  8.85894  28.78084  8.94134  28.83124  9.02943  28.98463  9.17087  29.05577  9.08372  28.94692  8.60010  28.48440  7.55120  27.53770  5.97527  26.07987  4.34947  24.33397
7.91698  27.02818  10.52870  29.26940  10.71410  29.36610  10.41560  29.23170  10.29890  29.10940  10.18190  28.98840  9.99914  28.89114  9.90893  28.79513  9.82408  28.71628  9.88125  28.72135  9.84796  28.78146  9.93468  28.83248  10.02280  28.98640  10.16670  29.06000  10.08430  28.95420  9.60463  28.49653  8.55884  27.55064  6.98020  26.08980  5.35030  24.34130
8.84720  26.95750  11.52020  29.26550  11.71120  29.36620  11.41710  29.23410  11.29840  29.11020  11.17330  28.98660  10.98850  28.88920  10.89920  28.79370  10.81420  28.71480  10.87040  28.72030  10.83840  28.77990  10.92700  28.83350  11.01500  28.98740  11.16110  29.06240  11.08120  28.95940  10.61120  28.50760  9.56531  27.56551  7.98941  26.10191  6.35652  24.35142
9.71409  26.83439  12.50770  29.25810  12.70760  29.36460  12.41040  29.23510  12.29270  29.10790  12.16220  28.98380  11.97830  28.88560  11.88930  28.78840  11.80330  28.71240  11.85770  28.71700  11.82760  28.77770  11.91480  28.83050  11.99940  28.98570  12.14720  29.06350  12.07130  28.96420  11.61010  28.51640  10.56530  27.58060  8.98767  26.11707  7.34699  24.36289
10.49860  26.63240  13.48990  29.24250  13.69730  29.36070  13.40460  29.23360  13.28290  29.10480  13.14500  28.97870  12.96370  28.88040  12.87220  28.78260  12.78750  28.70810  12.84070  28.71270  12.80940  28.77330  12.89530  28.82460  12.98270  28.98150  13.13070  29.05940  13.05970  28.96560  12.60320  28.52140  11.56800  27.59410  9.98597  26.13187  8.34044  24.37334
11.18370  26.33400  14.45500  29.21330  14.68060  29.34910  14.39240  29.22880  14.26910  29.09800  14.12570  28.97070  13.94560  28.87200  13.85470  28.77350  13.77190  28.69890  13.82500  28.70310  13.78780  28.76310  13.87270  28.81550  13.96170  28.97250  14.10950  29.04900  14.04380  28.95800  13.58710  28.51530  12.56870  27.60110  10.98870  26.14790  9.33963  24.38773
11.78800  25.95160  15.39590  29.15750  15.65730  29.32920  15.37740  29.21860  15.25350  29.08650  15.10530  28.96000  14.92620  28.85840  14.83340  28.76020  14.75350  28.68600  14.80410  28.68770  14.75910  28.74490  14.84470  28.79630  14.93530  28.95280  15.08160  29.02530  15.01980  28.93900  14.55400  28.48770  13.55890  27.59440  11.99610  26.16170  10.34590  24.40190
12.33790  25.51120  16.27890  29.04600  16.60970  29.28470  16.35220  29.19900  16.22680  29.06460  16.07890  28.93970  15.89680  28.83410  15.80580  28.73720  15.72660  28.66220  15.77250  28.65810  15.71500  28.70650  15.80310  28.75870  15.89570  28.91540  16.03070  28.97680  15.97560  28.89450  15.45400  28.38820  14.51660  27.54760  13.00570  26.17270  11.35960  24.41750
12.84300  25.02310  17.03320  28.81270  17.50180  29.18240  17.30580  29.15770  17.18010  29.02350  17.03620  28.90240  16.84530  28.78570  16.76070  28.69490  16.67660  28.61340  16.69920  28.58420  16.59800  28.59270  16.70320  28.66020  16.81410  28.83270  16.90170  28.84520  16.85490  28.76970  16.18490  28.11660  15.33060  27.35380  14.01610  26.17670  12.37940  24.42970
13.31320  24.49580  17.55700  28.36110  18.24010  28.91810  18.20210  29.05610  18.08270  28.93690  17.95970  28.82750  17.73010  28.67060  17.66370  28.60010  17.54210  28.48890  17.49980  28.39790  17.33600  28.33310  17.45540  28.40790  17.59790  28.61020  17.60340  28.53730  17.56160  28.47690  16.75340  27.70250  15.92880  26.96760  15.01360  26.16030  13.40360  24.44000
13.77560  23.95840  17.89530  27.73513  18.66750  28.33473  18.94720  28.81213  18.87580  28.74816  18.79210  28.66151  18.52280  28.47628  18.46330  28.42059  18.30970  28.27720  18.22710  28.14370  18.03240  28.02663  18.12390  28.08277  18.24130  28.26950  18.19910  28.15491  18.16290  28.09800  17.27400  27.24482  16.43070  26.48660  15.91940  26.07660  14.38800  24.44100
14.24490  23.42318  18.15750  27.03457  18.87530  27.54287  19.41300  28.28237  19.46140  28.35598  19.42880  28.31975  19.16500  28.13936  19.14180  28.11803  19.01410  27.99723  18.93280  27.86271  18.72190  27.74167  18.79110  27.76896  18.86530  27.91654  18.80610  27.77849  18.76690  27.71761  17.82610  26.81265  16.94700  26.01250  16.65190  25.82228  15.35500  24.42353
14.72080  22.89386  18.34990  26.26228  19.00480  26.68562  19.59600  27.46367  19.76580  27.69653  19.78440  27.69449  19.54040  27.53366  19.58500  27.57701  19.55680  27.54710  19.53290  27.47467  19.36310  27.40906  19.41360  27.40312  19.46260  27.53272  19.39950  27.38290  19.38460  27.34018  18.43510  26.42953  17.52710  25.59401  17.25780  25.43018  16.25920  24.33523
15.20300  22.36722  18.46160  25.40934  19.09950  25.80725  19.65590  26.52573  19.81110  26.79542  19.84580  26.78202  19.67750  26.68402  19.78900  26.79257  19.85400  26.83961  19.91020  26.86144  19.83420  26.91322  19.86860  26.86151  19.91470  27.00744  19.85700  26.84696  19.92030  26.87176  19.06380  26.05911  18.16640  25.22882  17.85280  25.02026  17.00540  24.08006
15.69010  21.84130  18.49660  24.47631  19.16600  24.90514  19.63260  25.50827  19.71670  25.76192  19.70220  25.66468  19.61390  25.62931  19.79090  25.80387  19.94940  25.90513  20.10070  26.06501  20.10500  26.22257  20.15070  26.13710  20.20020  26.31582  20.14380  26.13439  20.28720  26.22548  19.59110  25.57788  18.81310  24.86278  18.49050  24.64998  17.65680  23.72207
16.16410  21.31213  18.46690  23.47856  19.10500  23.88426  19.40300  24.28725  19.52670  24.62735  19.48610  24.47165  19.35980  24.38368  19.57220  24.59419  19.87900  24.77736  20.15610  25.13612  20.25190  25.40694  20.32180  25.29730  20.38260  25.51898  20.34460  25.33043  20.55660  25.47414  19.92540  24.89613  19.35060  24.37809  19.14120  24.29196  18.31540  23.37153
16.61490  20.75562  18.37810  22.42078  18.70630  22.52548  18.86250  22.75707  19.14950  23.30592  19.17240  23.17604  18.99260  23.02292  19.15080  23.18319  19.66220  23.48573  20.08300  24.09063  20.31790  24.50870  20.41430  24.37285  20.48770  24.64627  20.48270  24.46185  20.78010  24.67403  20.14790  24.09669  19.70300  23.69729  19.69810  23.83618  18.98360  23.02516
17.00370  20.13551  18.19850  21.26785  17.83330  20.67757  17.90490  20.81681  18.46460  21.66916  18.69650  21.72500  18.53070  21.56636  18.66340  21.71511  19.37100  22.12422  19.88260  22.92589  20.31100  23.53297  20.43860  23.38163  20.53350  23.71414  20.56330  23.53516  20.96240  23.83064  20.30530  23.22477  19.92960  22.88420  20.07820  23.19184  19.54610  22.56834
17.29040  19.40834  17.61150  19.70884  16.53810  18.39015  16.80690  18.72761  17.41240  19.65214  18.05320  20.10037  17.94470  19.98422  18.17140  20.23837  19.08940  20.78875  19.58130  21.66069  20.22690  22.47577  20.39050  22.31756  20.52670  22.72959  20.58320  22.54793  21.09290  22.93552  20.40950  22.30064  20.07840  22.00041  20.33960  22.43746  19.90930  21.92197
17.39400  18.49258  16.60120  17.72516  15.22810  16.08037  15.84500  16.77164  16.26380  17.51883  17.33730  18.39664  17.35110  18.39180  17.53870  18.61637  18.83210  19.50768  19.23130  20.34375  20.05500  21.32611  20.26250  21.17809  20.47400  21.70054  20.54370  21.50220  21.15050  21.97293  20.46740  21.33419  20.17470  21.06853  20.52620  21.62167  20.15580  21.17020
17.18420  17.25254  6.92164  7.11101  14.13740  13.99049  15.04580  14.97248  15.35190  15.61071  16.66860  16.73569  16.87270  16.91376  16.81870  16.90553  18.53040  18.19539  18.94110  19.07469  19.79020  20.08294  20.04920  19.95972  20.37860  20.62903  20.45640  20.41438  21.10740  20.91635  20.48530  20.33491  20.22790  20.10213  20.65800  20.76319  20.34390  20.37033
7.24291  6.14030  2.40611  1.59596  13.17640  12.01515  14.34290  13.27150  14.69600  13.95495  16.11160  15.18809  16.45280  15.49209  16.15080  15.24282  18.15310  16.81709  18.70110  17.84732  19.44960  18.76033  19.76670  18.68161  20.24060  19.51893  20.33460  19.29658  20.93430  19.73820  20.46680  19.30703  20.24670  19.10877  20.74390  19.87178  20.49070  19.53991
4.27809  2.12163  0.09573  -1.72815  12.32660  10.15685  13.72020  11.64515  14.15020  12.41615  15.69800  13.78700  16.08540  14.12244  15.63880  13.73515  17.73990  15.41074  18.42640  16.58825  19.12850  17.45447  19.45530  17.38499  20.07280  18.38184  20.20030  18.17621  20.63550  18.44710  20.41210  18.25346  20.23080  18.09105  20.79590  18.95751  20.60560  18.68873
