T31_Chip Verification
L004X¡¢L024X¡¢L026X_MML004X_V2-25_-VD=4.5V&ID=78mA_2025-09-01 15.03.07_25.0deg_Gain vs. Pout.txt 
Gain vs. Pout_Pout(dBm)_Gain(dB)
1.0GHz  1.5GHz  2.0GHz  2.5GHz  3.0GHz  3.5GHz  4.0GHz  4.5GHz  5.0GHz  5.5GHz  6.0GHz  6.5GHz  7.0GHz  7.5GHz  8.0GHz  8.5GHz  9.0GHz  9.5GHz  10.0GHz
-3.51684  27.39686  -0.51574  29.52956  -0.13985  29.60095  -0.37614  29.46796  -0.49769  29.35981  -0.38880  29.25710  -0.55915  29.17345  -0.61612  29.08958  -0.73677  29.02093  -0.61526  29.03154  -0.60691  29.09729  -0.54954  29.15136  -0.45415  29.29815  -0.31718  29.38592  -0.39504  29.30566  -0.85048  28.88522  -1.86307  27.98713  -3.37414  26.60206  -4.95591  24.87669
-1.69868  27.40522  0.84218  29.53059  1.04673  29.60403  0.73864  29.47444  0.57555  29.36965  0.64791  29.25731  0.45347  29.17027  0.37557  29.09247  0.25880  29.02340  0.36615  29.03225  0.35242  29.09642  0.41801  29.14981  0.51393  29.30253  0.65023  29.39022  0.56570  29.30640  0.13591  28.88971  -0.88449  27.99211  -2.40170  26.60170  -3.97011  24.88269
-0.63568  27.40672  1.87073  29.53163  2.02049  29.60789  1.70187  29.47337  1.56601  29.36671  1.59037  29.26057  1.39976  29.17116  1.33713  29.09203  1.23923  29.02263  1.33193  29.02943  1.31150  29.09650  1.37537  29.15127  1.46209  29.30379  1.60462  29.39092  1.53420  29.31020  1.08131  28.89581  0.07723  27.99452  -1.43278  26.60722  -3.01726  24.87994
0.34080  27.40170  2.84902  29.53612  3.01551  29.60781  2.67548  29.47658  2.55756  29.37046  2.54957  29.26077  2.36030  29.17400  2.30577  29.09157  2.19386  29.02196  2.28763  29.03353  2.26937  29.09827  2.32759  29.15329  2.43140  29.30350  2.57388  29.39218  2.49770  29.31170  2.04642  28.89872  1.05097  27.99847  -0.45558  26.60992  -2.04573  24.88187
1.30055  27.40375  3.80748  29.53738  3.96355  29.60925  3.66407  29.47807  3.55061  29.36651  3.51628  29.26108  3.32121  29.17711  3.26191  29.09431  3.15671  29.02391  3.25528  29.03428  3.23759  29.09949  3.30083  29.15243  3.39835  29.30655  3.54148  29.39348  3.47083  29.31683  3.03267  28.90527  2.02861  28.00591  0.52486  26.61306  -1.07036  24.88854
2.26715  27.40025  4.78994  29.53744  4.95149  29.61259  4.64244  29.47734  4.53920  29.36710  4.47962  29.25902  4.29384  29.17424  4.23589  29.09259  4.13333  29.02373  4.21945  29.03295  4.20408  29.10178  4.26734  29.15334  4.36340  29.30740  4.51639  29.39839  4.45031  29.32221  4.01292  28.91182  3.01240  28.01150  1.50512  26.61762  -0.09731  24.89059
3.23737  27.39287  5.77823  29.54103  5.94006  29.61506  5.60166  29.47746  5.51946  29.36906  5.45107  29.26017  5.26095  29.17445  5.20225  29.09315  5.10745  29.02505  5.20208  29.03538  5.17958  29.10278  5.24498  29.15638  5.34938  29.31098  5.49664  29.40284  5.43989  29.32519  5.00749  28.91969  3.99791  28.01941  2.49375  26.62365  0.89036  24.89296
4.21101  27.37641  6.76148  29.53938  6.92580  29.61480  6.59888  29.47858  6.51026  29.36716  6.43167  29.25937  6.24937  29.17247  6.18605  29.09425  6.08926  29.02416  6.17771  29.03511  6.15774  29.10304  6.23055  29.15785  6.33055  29.31145  6.48477  29.40497  6.42486  29.33026  5.99629  28.92859  4.99128  28.02898  3.48379  26.62939  1.87971  24.89801
5.17758  27.35748  7.75592  29.54072  7.91907  29.61577  7.60572  29.48202  7.50499  29.36999  7.41284  29.25904  7.22941  29.17051  7.16861  29.09191  7.07421  29.02481  7.16301  29.03291  7.14054  29.10374  7.21823  29.15833  7.32021  29.31281  7.47614  29.40814  7.41936  29.33866  6.99381  28.93841  5.99240  28.04060  4.48014  26.63604  2.87326  24.90336
6.12542  27.32192  8.73711  29.53741  8.91181  29.61711  8.59571  29.48211  8.49977  29.36727  8.40675  29.25695  8.21910  29.17140  8.15616  29.09126  8.06345  29.02345  8.15037  29.03527  8.13058  29.10538  8.20800  29.16070  8.31051  29.31571  8.46559  29.41179  8.41318  29.34398  7.99087  28.94817  6.99261  28.05151  5.47901  26.64401  3.86667  24.90767
7.07200  27.27440  9.72287  29.53097  9.90239  29.61609  9.59326  29.48146  9.49585  29.36845  9.39401  29.25801  9.20546  29.16936  9.14472  29.08942  9.05325  29.02215  9.13611  29.03571  9.11863  29.10463  9.19824  29.16134  9.29888  29.31708  9.45823  29.41603  9.41044  29.35154  8.99584  28.96034  7.99786  28.06406  6.48168  26.65378  4.86423  24.91413
7.99231  27.19741  10.71260  29.51980  10.90160  29.61550  10.59460  29.48320  10.49150  29.36640  10.38170  29.25480  10.19540  29.16640  10.13250  29.08740  10.03990  29.02060  10.12640  29.03290  10.10590  29.10410  10.18920  29.15980  10.29190  29.31890  10.45580  29.41970  10.41240  29.35660  10.00180  28.97100  9.00652  28.07822  7.48776  26.66356  5.86697  24.92187
8.86729  27.07769  11.69020  29.50390  11.89350  29.61110  11.59540  29.48290  11.49000  29.36380  11.37190  29.25220  11.18890  29.16390  11.12240  29.08450  11.03110  29.01840  11.11530  29.03130  11.09640  29.10300  11.18300  29.16030  11.28480  29.31860  11.44870  29.42080  11.40790  29.36230  11.00880  28.98290  10.01400  28.09360  8.49870  26.67550  6.87387  24.92967
9.67077  26.89177  12.66000  29.47770  12.87900  29.60220  12.58280  29.48030  12.48070  29.36160  12.36020  29.24870  12.17600  29.16040  12.11200  29.07980  12.01900  29.01460  12.10360  29.02810  12.08730  29.09990  12.17130  29.15710  12.26790  29.31620  12.43390  29.41830  12.39760  29.36500  12.00670  28.98970  11.01380  28.10610  9.49702  26.68892  7.86485  24.93945
10.38080  26.62040  13.61920  29.43910  13.86380  29.59020  13.57580  29.47780  13.47380  29.35690  13.34400  29.24450  13.16270  29.15290  13.09480  29.07320  13.00350  29.00880  13.08710  29.02160  13.06860  29.09420  13.15290  29.15050  13.25020  29.30970  13.41590  29.41250  13.38370  29.36120  12.99640  28.99000  12.01420  28.11570  10.49550  26.70280  8.85976  24.95156
11.00500  26.25790  14.55620  29.38040  14.83930  29.56980  14.56440  29.47130  14.45970  29.34970  14.32480  29.23560  14.14520  29.14330  14.07540  29.06200  13.98880  28.99900  14.06970  29.01160  14.04630  29.08290  14.12850  29.13810  14.22730  29.29650  14.39220  29.39720  14.36590  29.35130  13.97310  28.97540  13.00950  28.11590  11.49850  26.71660  9.86065  24.96495
11.56250  25.82200  15.45850  29.28570  15.80230  29.53370  15.54590  29.45690  15.44180  29.33530  15.30310  29.22240  15.12310  29.12820  15.05360  29.04610  14.96900  28.98310  15.04690  28.99220  15.01460  29.06050  15.09760  29.11470  15.19540  29.27070  15.35550  29.36430  15.33260  29.31990  14.89810  28.90300  13.97780  28.08460  12.50410  26.72680  10.86640  24.97660
12.07140  25.33860  16.29110  29.12590  16.73440  29.46710  16.51660  29.43080  16.41270  29.30990  16.27500  29.19920  16.08900  29.09770  16.02250  29.01710  15.93650  28.95120  15.99820  28.94370  15.93480  28.98460  16.02650  29.04580  16.13470  29.21030  16.25210  29.26120  16.22970  29.21540  15.66090  28.66690  14.82450  27.92470  13.51030  26.73140  11.87900  24.98830
12.54930  24.81770  16.96680  28.81770  17.58500  29.32100  17.45370  29.37110  17.35860  29.25920  17.22680  29.15480  16.99400  29.00410  16.94460  28.94140  16.83210  28.84690  16.82580  28.76660  16.67820  28.73160  16.78450  28.80320  16.92890  29.00070  16.94290  28.94570  16.92650  28.90440  16.22650  28.22680  15.45350  27.54070  14.50700  26.71840  12.89810  24.99700
13.02350  24.28890  17.42650  28.30700  18.24700  28.97770  18.29810  29.21560  18.22630  29.13770  18.10860  29.03580  17.80730  28.81440  17.76690  28.76450  17.58200  28.60560  17.49570  28.44750  17.27150  28.32800  17.35080  28.36480  17.48830  28.55270  17.44300  28.43410  17.44480  28.42020  16.64870  27.66440  15.89480  26.99190  15.43980  26.63430  13.91880  25.00020
13.51010  23.77130  17.75400  27.66958  18.63730  28.36033  18.95530  28.88256  18.93350  28.86397  18.86090  28.78777  18.52380  28.54140  18.48090  28.49900  18.25270  28.29440  18.13310  28.09995  17.88680  27.94000  17.90590  27.92540  17.96850  28.04940  17.90140  27.91210  17.90510  27.89749  17.03250  27.06690  16.26360  26.36970  16.16130  26.36080  14.88980  24.98570
14.00930  23.26222  17.96620  26.91876  18.82030  27.54727  19.36040  28.29002  19.39590  28.35117  19.38130  28.32821  19.04490  28.08075  19.02960  28.06585  18.84820  27.89992  18.77970  27.75848  18.55260  27.63055  18.53770  27.57330  18.52580  27.62816  18.43970  27.46399  18.41710  27.42048  17.48260  26.52960  16.66410  25.77133  16.68760  25.89016  15.78130  24.88872
14.52690  22.77084  18.08340  26.07139  18.90100  26.64333  19.50180  27.43059  19.59420  27.58751  19.62080  27.58747  19.30710  27.36093  19.34670  27.39756  19.25370  27.30468  19.26810  27.25872  19.14790  27.25361  19.11420  27.15845  19.08400  27.20623  18.98980  27.02116  18.97260  26.97694  18.06010  26.11094  17.18610  25.28838  17.13250  25.32763  16.48600  24.59396
15.06450  22.29859  18.12050  25.14482  18.92190  25.69374  19.47310  26.40317  19.55810  26.60612  19.57290  26.56455  19.35520  26.42097  19.46710  26.52764  19.47890  26.51858  19.55060  26.55127  19.52420  26.66459  19.48950  26.53184  19.47160  26.61425  19.35890  26.39440  19.41420  26.40939  18.69760  25.74623  17.83780  24.93023  17.63100  24.81378  17.02050  24.11882
15.61870  21.83936  18.09410  24.14928  18.81890  24.62408  19.27290  25.20684  19.34720  25.45911  19.31360  25.33116  19.19690  25.27141  19.37490  25.44432  19.52920  25.53408  19.69500  25.70816  19.74310  25.92101  19.73170  25.76414  19.72540  25.88973  19.60100  25.63316  19.72110  25.69873  19.17460  25.21079  18.50700  24.58181  18.24680  24.41678  17.53840  23.62246
16.17230  21.38819  18.01720  23.10340  18.42630  23.27220  18.78520  23.72593  18.96740  24.13648  18.95030  23.99008  18.85310  23.93454  19.03050  24.10794  19.39690  24.33693  19.70770  24.73628  19.86380  25.07674  19.88140  24.89877  19.89400  25.07688  19.78310  24.80695  19.97620  24.92896  19.46640  24.48131  18.98740  24.03188  18.88750  24.04463  18.15860  23.23066
16.70750  20.91633  17.85210  21.97079  17.70500  21.58416  17.92750  21.87473  18.36690  22.59018  18.45960  22.51545  18.36450  22.44960  18.50060  22.58824  19.11690  22.97450  19.57290  23.63063  19.89620  24.14201  19.94380  23.94067  19.98550  24.18813  19.90760  23.92230  20.19980  24.12503  19.67800  23.66673  19.28710  23.29061  19.35610  23.49538  18.79710  22.85260
17.19110  20.38914  17.37190  20.52364  16.60780  19.50272  16.85450  19.81330  17.44720  20.71429  17.82090  20.89801  17.71270  20.79806  17.96000  21.06336  18.78410  21.56778  19.29660  22.39189  19.83810  23.11256  19.91770  22.89601  20.00640  23.22811  19.97110  22.97585  20.38930  23.28562  19.82840  22.78413  19.43780  22.40965  19.67010  22.78388  19.24760  22.28511
17.52830  19.71111  16.53430  18.71911  15.39050  17.29307  15.85930  17.82533  16.26890  18.56630  17.10250  19.19496  17.04100  19.12592  17.36700  19.48117  18.48310  20.21931  18.93060  21.06206  19.68450  21.98226  19.80570  21.76474  19.96450  22.20687  19.97090  21.96597  20.53020  22.39681  19.92900  21.85339  19.63340  21.55221  19.90390  22.00346  19.53370  21.56351
17.51020  18.66794  15.58260  16.79036  14.29980  15.20371  15.07560  16.04556  15.24510  16.55448  16.42460  17.52658  16.51060  17.59305  16.60650  17.72865  18.16250  18.87075  18.57860  19.73622  19.43430  20.75069  19.60570  20.55116  19.87200  21.13461  19.91280  20.89876  20.59130  21.43296  19.97570  20.87242  19.71690  20.60292  20.04540  21.15703  19.74210  20.77668
17.02470  17.14082  1.78030  2.05040  13.33110  13.23482  14.38620  14.35742  14.54530  14.85872  15.87200  15.98185  16.11500  16.19496  15.85500  15.98365  17.76960  17.45667  18.30950  18.47808  19.09590  19.42909  19.32940  19.26840  19.73480  20.01942  19.80880  19.79244  20.51880  20.34357  19.97150  19.84751  19.74840  19.61056  20.19220  20.29970  19.90650  19.95573
2.54970  1.45319  -1.03953  -1.78200  12.42590  11.31282  13.73930  12.71110  14.00620  13.31946  15.47390  14.59396  15.79530  14.86923  15.28700  14.41843  17.35570  16.02651  18.03980  17.21981  18.73880  18.08345  19.01670  17.96001  19.56260  18.87313  19.67960  18.66586  20.26790  19.08483  19.92260  18.78600  19.73200  18.57839  20.25880  19.39004  20.04040  19.11340