T31_Chip Verification
L004X¡¢L024X¡¢L026X_MML004X_V2-25_-VD=4.5V&ID=78mA_2025-09-01 15.03.07_25.0deg_PxdB vs. Frequency.txt 
PxdB vs. Frequency_Frequency(GHz)_PxdB(dBm)
P1dB  P3dB  P5dB
1.00000  10.76337  1.00000  12.93172  1.00000  14.96045
1.50000  17.21889  1.50000  18.01913  1.50000  18.10432
2.00000  18.48622  2.00000  18.90167  2.00000  18.80624
2.50000  19.24279  2.50000  19.47495  2.50000  19.03692
3.00000  19.38098  3.00000  19.51048  3.00000  19.02866
3.50000  19.40448  3.50000  19.50598  3.50000  19.02062
4.00000  18.94404  4.00000  19.31945  4.00000  18.91964
4.50000  18.99420  4.50000  19.42844  4.50000  19.03050
5.00000  18.65610  5.00000  19.50486  5.00000  19.33367
5.50000  18.25825  5.50000  19.63910  5.50000  19.62073
6.00000  17.62877  6.00000  19.69367  6.00000  19.89433
6.50000  17.61940  6.50000  19.60669  6.50000  19.92971
7.00000  17.73615  7.00000  19.58622  7.00000  19.97369
7.50000  17.48736  7.50000  19.35890  7.50000  19.84334
8.00000  17.54874  8.00000  19.46370  8.00000  20.14931
8.50000  16.48527  8.50000  18.45083  8.50000  19.62339
9.00000  15.89480  9.00000  17.73269  9.00000  19.34057
9.50000  16.91723  9.50000  19.26540  9.50000  19.97237
10.00000  17.27110  10.00000  19.41372  10.00000  19.91946