T31_Chip Verification
L004X¡¢L024X¡¢L026X_MML004X_V2-25_-VD=3.5V&ID=55mA_2025-09-01 14.58.34_25.0deg_Pout vs. Pin.txt 
Pout vs. Pin_Pin(dBm)_Pout(dBm)
1.0GHz  1.5GHz  2.0GHz  2.5GHz  3.0GHz  3.5GHz  4.0GHz  4.5GHz  5.0GHz  5.5GHz  6.0GHz  6.5GHz  7.0GHz  7.5GHz  8.0GHz  8.5GHz  9.0GHz  9.5GHz  10.0GHz
-30.85490  -4.44437  -29.92350  -1.32680  -29.71500  -1.00910  -29.84660  -1.24145  -29.83430  -1.30855  -29.61030  -1.16493  -29.70720  -1.32470  -29.71240  -1.39516  -29.68290  -1.43179  -29.62470  -1.37442  -29.70280  -1.40148  -29.66680  -1.35889  -29.75050  -1.34090  -29.68100  -1.25089  -29.66550  -1.37376  -29.68790  -1.85207  -29.81440  -2.85969  -29.97050  -4.34631  -29.82080  -5.85471
-29.00020  -2.60131  -28.61300  -0.01485  -28.48040  0.22472  -28.69180  -0.08647  -28.72890  -0.20507  -28.57380  -0.12909  -28.70530  -0.32292  -28.72240  -0.40647  -28.70510  -0.45630  -28.64810  -0.39931  -28.72650  -0.42511  -28.71000  -0.39618  -28.77390  -0.36157  -28.71450  -0.28165  -28.70320  -0.41199  -28.73430  -0.89578  -28.84380  -1.88508  -28.99950  -3.37205  -28.84340  -4.87716
-28.06460  -1.66742  -27.64290  0.95172  -27.55590  1.14925  -27.75430  0.85129  -27.74380  0.78104  -27.61970  0.82491  -27.74400  0.63466  -27.75430  0.55862  -27.75050  0.50115  -27.68990  0.55837  -27.78010  0.52221  -27.74720  0.56492  -27.83580  0.57881  -27.76020  0.67399  -27.75400  0.54287  -27.77090  0.07402  -27.88900  -0.92550  -28.03100  -2.39807  -27.88720  -3.91676
-27.06070  -0.67914  -26.66950  1.92312  -26.56230  2.13809  -26.76890  1.83590  -26.81200  1.71219  -26.67770  1.76731  -26.78900  1.59444  -26.78530  1.52872  -26.78890  1.46102  -26.72570  1.52514  -26.81890  1.48226  -26.78870  1.52383  -26.87690  1.53752  -26.80050  1.63282  -26.79170  1.50429  -26.81910  1.02756  -26.92380  0.04285  -27.05880  -1.42701  -26.91480  -2.94364
-26.09320  0.27327  -25.68310  2.90182  -25.57960  3.12083  -25.80160  2.80601  -25.82080  2.70455  -25.71220  2.73330  -25.82540  2.55525  -25.81380  2.49791  -25.82020  2.42903  -25.76770  2.48395  -25.85960  2.44297  -25.82610  2.48840  -25.89830  2.51584  -25.82830  2.60665  -25.81930  2.48140  -25.84270  2.01002  -25.95610  1.01744  -26.08190  -0.44571  -25.94390  -1.97424
-25.13190  1.21932  -24.73490  3.84555  -24.60100  4.09574  -24.82630  3.77606  -24.81610  3.70689  -24.75260  3.68846  -24.86320  3.51590  -24.84660  3.46674  -24.85770  3.39029  -24.79100  3.45970  -24.89250  3.40988  -24.85900  3.45451  -24.94220  3.47534  -24.86030  3.57638  -24.84100  3.46005  -24.86530  2.99364  -24.98110  1.99792  -25.10950  0.53063  -24.97630  -0.99966
-24.14660  2.17520  -23.75920  4.81307  -23.63560  5.05541  -23.83670  4.76360  -23.83790  4.68115  -23.78730  4.65318  -23.89270  4.48484  -23.87550  4.43552  -23.88390  4.36238  -23.81350  4.43493  -23.92030  4.38123  -23.88420  4.42836  -23.96180  4.45343  -23.88450  4.55273  -23.86160  4.44419  -23.88520  3.97799  -23.99690  2.98759  -24.12720  1.51681  -23.99230  -0.01470
-23.16050  3.12513  -22.75800  5.80190  -22.64880  6.03767  -22.85190  5.74476  -22.83740  5.67758  -22.80120  5.63467  -22.91080  5.46302  -22.89600  5.41095  -22.90300  5.34144  -22.83370  5.41435  -22.94530  5.35728  -22.90700  5.40697  -22.97950  5.43541  -22.90290  5.53669  -22.87900  5.42901  -22.90330  4.96666  -23.01370  3.97994  -23.14030  2.50741  -23.01000  0.97321
-22.18250  4.05259  -21.77360  6.77154  -21.65810  7.01961  -21.86180  6.72839  -21.85330  6.65848  -21.82090  6.61247  -21.92340  6.44575  -21.90790  6.39692  -21.91970  6.32304  -21.85070  6.39508  -21.95820  6.34124  -21.92080  6.39074  -21.99680  6.41803  -21.91430  6.52504  -21.89150  6.41998  -21.91880  5.96004  -22.02830  4.97604  -22.15330  3.50216  -22.02210  1.96424
-21.19480  4.96663  -20.78730  7.73400  -20.66140  8.00438  -20.85480  7.73008  -20.85780  7.64826  -20.83260  7.59610  -20.93630  7.42913  -20.92230  7.37788  -20.93080  7.30948  -20.86790  7.37531  -20.97520  7.32397  -20.93290  7.37856  -21.01040  7.40454  -20.93130  7.51051  -20.90460  7.41068  -20.92830  6.96070  -21.03740  5.97637  -21.16370  4.49775  -21.03400  2.95589
-20.20220  5.85365  -19.79480  8.69885  -19.67160  8.97751  -19.86220  8.71372  -19.86420  8.63236  -19.84590  8.57722  -19.94730  8.41180  -19.93380  8.36089  -19.94090  8.29277  -19.88120  8.35788  -19.98910  8.30632  -19.94370  8.36424  -20.02300  8.38866  -19.94220  8.50018  -19.91370  8.40252  -19.93720  7.96128  -20.04610  6.98074  -20.17200  5.49648  -20.03980  3.95292
-19.21410  6.68585  -18.79950  9.65375  -18.67720  9.95013  -18.86590  9.69896  -18.86840  9.61651  -18.85690  9.55476  -18.95530  9.39401  -18.94600  9.34070  -18.95280  9.27429  -18.89250  9.34146  -19.00070  9.29088  -18.95220  9.35138  -19.03090  9.37677  -18.94930  9.48867  -18.92200  9.39808  -18.94400  8.96565  -19.05150  7.98880  -19.17520  6.50029  -19.04650  4.95173
-18.22150  7.44713  -17.80330  10.59270  -17.67910  10.92010  -17.86440  10.68200  -17.86970  10.60180  -17.86460  10.53380  -17.96270  10.37430  -17.95300  10.32080  -17.95960  10.25760  -17.90030  10.32350  -18.00850  10.27630  -17.96020  10.33670  -18.04070  10.35910  -17.95590  10.47600  -17.92910  10.38850  -17.94660  9.97010  -18.05890  8.99454  -18.17640  7.50723  -18.04870  5.95387
-17.23370  8.11657  -16.80770  11.51040  -16.68210  11.87780  -16.87130  11.65260  -16.87540  11.57560  -16.87360  11.50830  -16.96800  11.35270  -16.95800  11.30100  -16.96760  11.23650  -16.91050  11.30080  -17.01710  11.25600  -16.96870  11.31540  -17.05420  11.33210  -16.97020  11.44960  -16.94230  11.36840  -16.95750  10.96080  -17.07160  9.99130  -17.19060  8.50160  -17.06760  6.94009
-16.24650  8.71049  -15.81610  12.39100  -15.68590  12.81890  -15.87750  12.61560  -15.88160  12.54150  -15.88510  12.47120  -15.97650  12.32030  -15.96800  12.26620  -15.97640  12.20660  -15.92070  12.27010  -16.03100  12.22310  -15.98200  12.28030  -16.06710  12.29680  -15.98310  12.41410  -15.95260  12.33990  -15.96720  11.93600  -16.08100  10.98390  -16.20560  9.49429  -16.08440  7.93009
-15.24950  9.25584  -14.82660  13.21970  -14.68730  13.73570  -14.88350  13.56460  -14.88820  13.49340  -14.89680  13.42300  -14.98640  13.27400  -14.97780  13.22320  -14.98190  13.16900  -14.92700  13.23030  -15.04250  13.17800  -14.99290  13.23210  -15.07810  13.24670  -14.99200  13.35850  -14.95950  13.29290  -14.97580  12.87600  -15.08600  11.95690  -15.21690  10.48870  -15.09810  8.92262
-14.24810  9.76898  -13.84050  13.97160  -13.68800  14.61700  -13.88890  14.49140  -13.89440  14.42650  -13.90620  14.36080  -13.99270  14.21260  -13.98360  14.16360  -13.98520  14.11270  -13.93240  14.16140  -14.05250  14.09600  -14.00080  14.15120  -14.08540  14.16850  -13.99600  14.26230  -13.96330  14.20010  -13.98100  13.73660  -14.08650  12.86950  -14.22260  11.48230  -14.10430  9.92094
-13.24470  10.27250  -12.86150  14.62620  -12.68910  15.42320  -12.89240  15.37740  -12.90240  15.31950  -12.91200  15.26640  -12.99750  15.08800  -12.98800  15.05420  -12.98710  14.99600  -12.93390  15.01090  -13.05950  14.91010  -13.00400  14.97340  -13.08650  15.01210  -12.99650  15.05470  -12.96110  14.99650  -12.98210  14.46690  -13.08090  13.67090  -13.22070  12.46700  -13.10370  10.92340
-12.23710  10.78640  -11.88750  15.18620  -11.69430  16.08520  -11.89280  16.17160  -11.91230  16.12560  -11.91620  16.08400  -11.99910  15.84160  -11.99140  15.82460  -11.98600  15.74210  -11.93050  15.71050  -12.06590  15.55770  -12.00400  15.61290  -12.08350  15.68840  -11.99050  15.66900  -11.95250  15.62970  -11.97760  15.05090  -12.06840  14.32270  -12.21090  13.41440  -12.09430  11.92680
-11.23020  11.31650  -10.91910  15.63240  -10.69940  16.55670  -10.89400  16.79070  -10.93140  16.74990  -10.91960  16.73620  -10.99800  16.43460  -10.99450  16.41770  -10.99350  16.30650  -10.94260  16.25580  -11.07230  16.07690  -10.99810  16.09170  -11.07840  16.16750  -10.97930  16.12320  -10.94850  16.11380  -10.99280  15.49680  -11.07850  14.81760  -11.19310  14.26950  -11.07780  12.91630
-10.22340  11.86810  -9.95241  15.93080  -9.70941  16.82510  -9.90199  17.15840  -9.96303  17.10940  -9.92384  17.16280  -10.01090  16.84190  -10.01850  16.82740  -10.00780  16.69970  -9.96081  16.68460  -10.07570  16.53880  -10.00380  16.49200  -10.09860  16.52630  -10.00020  16.46660  -9.96339  16.49430  -10.01190  15.86300  -10.08780  15.21320  -10.19750  14.96320  -10.09190  13.82050
-9.21436  12.44520  -8.98891  16.07990  -8.72935  16.88490  -8.90625  17.26500  -9.00166  17.23390  -8.94784  17.35130  -9.03101  17.07550  -9.03843  17.10910  -9.01351  16.98440  -8.97682  17.00510  -9.11009  16.93930  -9.01981  16.85180  -9.12600  16.84580  -9.01452  16.74590  -8.97218  16.80630  -9.02330  16.20900  -9.08609  15.57330  -9.20135  15.50600  -9.10273  14.61970
-8.20532  13.04880  -8.02117  16.12280  -7.75617  16.72340  -7.90976  17.13470  -8.05519  17.15530  -7.97388  17.28740  -8.04825  17.14170  -8.05480  17.23780  -8.01029  17.17940  -7.99201  17.24050  -8.14498  17.25000  -8.02819  17.15040  -8.15019  17.12610  -8.02409  16.95640  -7.97009  17.05790  -8.02474  16.56550  -8.07633  15.96070  -8.19277  15.94210  -8.10273  15.28070
-7.19650  13.67020  -7.05517  16.07150  -6.78853  16.32930  -6.91572  16.77260  -7.11522  16.88210  -7.00386  17.00070  -7.06016  17.01760  -7.06606  17.18070  -6.99033  17.24330  -7.00515  17.39150  -7.18025  17.46580  -7.02589  17.38460  -7.17190  17.35300  -7.02881  17.12890  -6.95951  17.27140  -7.01935  16.88400  -7.05803  16.39090  -7.17789  16.33300  -7.09491  15.79900
-6.18432  14.29850  -6.08665  15.85470  -5.81563  15.73030  -5.91938  16.16910  -6.16777  16.43710  -6.02649  16.59810  -6.06662  16.69890  -6.07640  16.89800  -5.94075  17.13400  -6.02121  17.43270  -6.21365  17.59610  -6.01599  17.55210  -6.19143  17.52970  -6.02597  17.28040  -5.94366  17.47150  -6.00542  17.13760  -6.02962  16.76950  -6.16209  16.72010  -6.08149  16.22620
-5.18190  14.90830  -5.12389  15.40660  -4.83808  14.96220  -4.92286  15.35350  -5.20823  15.84170  -5.04354  16.11230  -5.06943  16.17400  -5.08390  16.43630  -4.86955  16.89070  -5.04206  17.32590  -5.24386  17.63570  -5.00151  17.64000  -5.20604  17.64950  -5.01754  17.41430  -4.92101  17.66620  -4.98526  17.34160  -4.99367  17.05580  -5.14547  17.05800  -5.07103  16.61850
-4.17489  15.42980  -4.16208  14.79820  -3.85479  14.08740  -3.92471  14.48380  -4.24234  15.09590  -4.05145  15.54680  -4.06505  15.51760  -4.08583  15.89240  -3.80036  16.60540  -4.07325  17.08710  -4.27117  17.57550  -3.98103  17.63170  -4.22164  17.69990  -4.00840  17.51730  -3.89572  17.85850  -3.96016  17.49630  -3.96906  17.28720  -4.12782  17.33160  -4.05978  16.93880
-3.16270  15.65570  -3.19560  14.13220  -2.87290  13.21070  -2.93453  13.75700  -3.26828  14.23880  -3.06657  14.94930  -3.06028  14.90220  -3.09362  15.23350  -2.76058  16.32800  -3.10550  16.77760  -3.29500  17.42610  -2.96285  17.53290  -3.23727  17.67670  -2.99912  17.57460  -2.86959  18.03670  -2.93024  17.61650  -2.92843  17.43250  -3.10494  17.56010  -3.04671  17.18390
-2.13717  15.47820  -2.22145  13.46430  -1.88803  12.40710  -1.94067  13.16690  -2.28618  13.45910  -2.07775  14.39930  -2.05575  14.42440  -2.09759  14.49990  -1.72836  16.02060  -2.12574  16.46720  -2.31197  17.19390  -1.94542  17.35290  -2.25316  17.59570  -1.98923  17.57150  -1.84213  18.17970  -1.90110  17.69530  -1.87202  17.54260  -2.09913  17.76720  -2.04244  17.39190
-0.91929  2.17303  -1.28202  -0.21818  -0.89643  11.63630  -0.94591  12.62690  -1.29635  12.88180  -1.08760  13.98030  -1.04841  14.08820  -1.09962  13.87210  -0.69559  15.69400  -1.13749  16.18960  -1.32338  16.90430  -0.93431  17.11010  -1.27003  17.46990  -0.98054  17.51650  -0.81990  18.23120  -0.87579  17.72680  -0.84290  17.60220  -1.10914  17.91950  -1.04842  17.58920