T31_Chip Verification
L004X¡¢L024X¡¢L026X_MML004X_V2-25_-VD=3.5V&ID=55mA_2025-09-01 14.58.34_25.0deg_Psat.txt 
Saturation Power vs. Frequency_Frequency(GHz)_Psat(dBm)
Psat
1.00000  15.65570
1.50000  16.12280
2.00000  16.88490
2.50000  17.26500
3.00000  17.23390
3.50000  17.35130
4.00000  17.14170
4.50000  17.23780
5.00000  17.24330
5.50000  17.43270
6.00000  17.63570
6.50000  17.64000
7.00000  17.69990
7.50000  17.57460
8.00000  18.23120
8.50000  17.72680
9.00000  17.60220
9.50000  17.91950
10.00000  17.58920