T31_Chip Verification
L004X¡¢L024X¡¢L026X_MML004X_V2-25_-VD=3V&ID=43mA_2025-09-01 14.49.13_25.0deg_Pout vs. Pin.txt 
Pout vs. Pin_Pin(dBm)_Pout(dBm)
1.0GHz  1.5GHz  2.0GHz  2.5GHz  3.0GHz  3.5GHz  4.0GHz  4.5GHz  5.0GHz  5.5GHz  6.0GHz  6.5GHz  7.0GHz  7.5GHz  8.0GHz  8.5GHz  9.0GHz  9.5GHz  10.0GHz
-31.04950  -5.49863  -30.14840  -2.37378  -29.84820  -1.96278  -29.97680  -2.16919  -30.00140  -2.26090  -29.69700  -2.03289  -29.81710  -2.20855  -29.79410  -2.24854  -29.78880  -2.30557  -29.70670  -2.22554  -29.80340  -2.29112  -29.75690  -2.25646  -29.86470  -2.29723  -29.76960  -2.22393  -29.75520  -2.37386  -29.77150  -2.86030  -29.88940  -3.84034  -30.06620  -5.30719  -29.90160  -6.75996
-29.17320  -3.63310  -28.75160  -0.98201  -28.59740  -0.70881  -28.81590  -1.00798  -28.89070  -1.14878  -28.67980  -1.01468  -28.78910  -1.18021  -28.78550  -1.24072  -28.77950  -1.29541  -28.73330  -1.25802  -28.82900  -1.31379  -28.79170  -1.29121  -28.88500  -1.31592  -28.79120  -1.24427  -28.77830  -1.39514  -28.80400  -1.89022  -28.91210  -2.85951  -29.08460  -4.32284  -28.93270  -5.78404
-28.17130  -2.63809  -27.76620  0.00472  -27.62710  0.26095  -27.81930  -0.01144  -27.85540  -0.11608  -27.72590  -0.05923  -27.83330  -0.22551  -27.83630  -0.29003  -27.82620  -0.33945  -27.76090  -0.28065  -27.87350  -0.36070  -27.82580  -0.32253  -27.91770  -0.34936  -27.83560  -0.28430  -27.81040  -0.42600  -27.83320  -0.91859  -27.94290  -1.88729  -28.10880  -3.34451  -27.96150  -4.81483
-27.17960  -1.66597  -26.78960  0.97192  -26.63620  1.24845  -26.86140  0.94382  -26.89880  0.84030  -26.75660  0.90833  -26.88220  0.72892  -26.86520  0.68300  -26.84400  0.64079  -26.79990  0.68127  -26.91740  0.59574  -26.86630  0.63687  -26.96020  0.60769  -26.86650  0.68496  -26.84370  0.54124  -26.87010  0.04848  -26.97790  -0.91497  -27.13780  -2.36954  -26.98820  -3.83883
-26.21670  -0.71774  -25.82480  1.93402  -25.67790  2.20281  -25.88820  1.91835  -25.90080  1.83290  -25.79970  1.86559  -25.90370  1.70400  -25.89950  1.64453  -25.88290  1.60049  -25.83040  1.64700  -25.95110  1.56296  -25.89740  1.60558  -25.99330  1.57472  -25.90090  1.65136  -25.87600  1.50994  -25.89520  1.02803  -26.00800  0.05729  -26.16220  -1.39047  -26.01850  -2.86675
-25.21490  0.26017  -24.81070  2.93770  -24.67280  3.20176  -24.89020  2.91038  -24.90800  2.82592  -24.82940  2.83519  -24.92830  2.67871  -24.92040  2.62301  -24.91040  2.57154  -24.85270  2.62808  -24.97400  2.53779  -24.92180  2.57841  -25.01900  2.55144  -24.93290  2.61987  -24.89300  2.49347  -24.91890  2.01041  -25.03150  1.03718  -25.18120  -0.40840  -25.04570  -1.89209
-24.24800  1.18848  -23.82510  3.91311  -23.69780  4.16986  -23.91230  3.88453  -23.91720  3.81414  -23.85570  3.80309  -23.96010  3.64428  -23.94440  3.59781  -23.92820  3.55198  -23.88360  3.59549  -23.99940  3.51270  -23.95030  3.55219  -24.03920  3.52840  -23.94720  3.60406  -23.91420  3.47466  -23.93470  2.99516  -24.04940  2.02608  -24.19810  0.57929  -24.06130  -0.90333
-23.24100  2.14864  -22.84100  4.87936  -22.70790  5.15356  -22.91470  4.87678  -22.92390  4.80313  -22.87170  4.78302  -22.97030  4.62928  -22.96270  4.57529  -22.94910  4.52863  -22.89850  4.57675  -23.02180  4.48855  -22.96390  4.53596  -23.05910  4.50609  -22.96160  4.58697  -22.92700  4.45963  -22.94930  3.98715  -23.06320  3.01947  -23.21110  1.57012  -23.07470  0.08832
-22.25910  3.06452  -21.85920  5.84306  -21.71760  6.13070  -21.92020  5.86308  -21.92870  5.79102  -21.88390  5.76504  -21.98670  5.60831  -21.97780  5.55561  -21.96160  5.51166  -21.91600  5.55507  -22.03380  5.47579  -21.97850  5.51716  -22.07070  5.49233  -21.97340  5.57422  -21.94180  5.44726  -21.96150  4.97818  -22.07330  4.01600  -22.22040  2.56588  -22.08490  1.07851
-21.26960  3.95236  -20.85920  6.81341  -20.72070  7.11231  -20.91870  6.85484  -20.93150  6.77980  -20.89520  6.74808  -20.99810  6.59198  -20.98670  6.53978  -20.97110  6.49666  -20.92710  6.53920  -21.04760  6.45627  -20.98620  6.50549  -21.08520  6.47320  -20.98610  6.55773  -20.95030  6.43650  -20.97290  5.97462  -21.08330  5.01181  -21.22850  3.56031  -21.09530  2.06966
-20.28130  4.79337  -19.86760  7.76698  -19.72300  8.08833  -19.91680  7.84235  -19.93390  7.76549  -19.90490  7.72732  -20.00330  7.57502  -19.99410  7.52252  -19.98240  7.47786  -19.93940  7.51899  -20.05740  7.44082  -19.99700  7.48840  -20.09430  7.45676  -19.99590  7.54155  -19.95700  7.42599  -19.97810  6.97038  -20.08820  6.01532  -20.23460  4.56016  -20.10060  3.06849
-19.28490  5.57335  -18.86780  8.71176  -18.72070  9.06065  -18.91890  8.82398  -18.93410  8.74777  -18.91220  8.70510  -19.01020  8.55564  -19.00170  8.50206  -18.98820  8.45907  -18.94630  8.50078  -19.06720  8.42177  -19.00380  8.47151  -19.10030  8.43999  -19.00170  8.52728  -18.96420  8.41534  -18.98340  7.96990  -19.09170  7.01973  -19.23770  5.56038  -19.10410  4.06697
-18.29090  6.26387  -17.86870  9.63361  -17.72430  10.01640  -17.91600  9.80152  -17.93380  9.72539  -17.91990  9.67657  -18.01710  9.52879  -18.00940  9.47602  -17.99510  9.43683  -17.95430  9.47847  -18.07640  9.40131  -18.00940  9.45151  -18.10760  9.41744  -18.00750  9.50649  -17.97000  9.40053  -17.98510  8.96837  -18.09800  8.01980  -18.23790  6.56513  -18.10680  5.06915
-17.29410  6.88030  -16.87580  10.52130  -16.72400  10.95820  -16.92390  10.76080  -16.93890  10.68860  -16.92520  10.64190  -17.01890  10.49910  -17.01350  10.44560  -16.99960  10.40880  -16.96370  10.44640  -17.08190  10.37420  -17.01680  10.42110  -17.12060  10.37810  -17.02090  10.46640  -16.98130  10.36810  -16.99230  9.95108  -17.10910  9.01094  -17.25110  7.55475  -17.12450  6.05133
-16.29900  7.44210  -15.88680  11.36030  -15.72590  11.87680  -15.92620  11.70950  -15.94610  11.63690  -15.93650  11.59150  -16.02730  11.45190  -16.02390  11.39700  -16.00730  11.36350  -15.97390  11.39910  -16.09560  11.32520  -16.02840  11.37020  -16.13410  11.32410  -16.03050  11.41260  -15.99010  11.32180  -16.00260  10.90810  -16.11550  9.99284  -16.26470  8.54284  -16.13960  7.03788
-15.29440  7.97618  -14.90010  12.12730  -14.72670  12.76370  -14.92920  12.63440  -14.95200  12.56320  -14.94630  12.52100  -15.03330  12.38610  -15.03060  12.33110  -15.01230  12.30240  -14.97870  12.33360  -15.10730  12.25330  -15.03860  12.29500  -15.14310  12.24870  -15.03930  12.32830  -14.99580  12.24540  -15.01040  11.81920  -15.11950  10.94230  -15.27290  9.53020  -15.15060  8.02587
-14.28720  8.49908  -13.91760  12.81010  -13.72530  13.58720  -13.93250  13.52200  -13.95840  13.45240  -13.95520  13.42150  -14.04000  13.27700  -14.03670  13.22870  -14.01350  13.20360  -13.98290  13.22130  -14.11570  13.12990  -14.04440  13.17080  -14.14860  13.12600  -14.04170  13.18390  -13.99740  13.10790  -14.01320  12.65700  -14.11900  11.82810  -14.27640  10.50840  -14.15570  9.01548
-13.27770  9.02984  -12.94120  13.41750  -12.72890  14.29700  -12.93370  14.33670  -12.96650  14.26850  -12.96260  14.25470  -13.04390  14.06810  -13.03980  14.03770  -13.01320  14.01070  -12.98320  14.00330  -13.12350  13.89150  -13.04550  13.93630  -13.14890  13.91130  -13.04090  13.92560  -12.99250  13.86180  -13.01270  13.37920  -13.11120  12.61810  -13.27280  11.46510  -13.15370  10.00420
-12.26780  9.57739  -11.96590  13.95220  -11.73810  14.85170  -11.93420  15.00770  -11.98250  14.93510  -11.96710  14.93790  -12.04420  14.69080  -12.04250  14.66850  -12.00930  14.64020  -11.97980  14.61840  -12.12990  14.48660  -12.04390  14.52360  -12.14680  14.53590  -12.03400  14.49950  -11.98220  14.46390  -12.00650  13.96400  -12.09680  13.27930  -12.26110  12.37110  -12.14270  10.98340
-11.25850  10.14490  -10.99600  14.36840  -10.74700  15.22260  -10.93210  15.46000  -11.00720  15.37240  -10.97010  15.41280  -11.04220  15.13570  -11.04540  15.10070  -11.01180  15.05800  -10.99330  15.05460  -11.13690  14.94540  -11.03600  14.94180  -11.14190  14.97250  -11.02200  14.89860  -10.97400  14.91160  -11.01860  14.40850  -11.10450  13.78910  -11.24090  13.18990  -11.12270  11.93160
-10.24860  10.74130  -10.02780  14.64180  -9.76090  15.35100  -9.93885  15.64400  -10.04150  15.56940  -9.97467  15.67630  -10.05310  15.41770  -10.06740  15.41060  -10.02350  15.32890  -10.01120  15.35710  -10.14060  15.31070  -10.03830  15.24850  -10.16130  15.26650  -10.04180  15.14530  -9.98633  15.22580  -10.03530  14.75430  -10.11080  14.19300  -10.24300  13.86930  -10.13530  12.78140
-9.23977  11.36720  -9.05904  14.75540  -8.78261  15.21130  -8.94133  15.57510  -9.08357  15.57520  -8.99858  15.73740  -9.07083  15.56210  -9.08589  15.61620  -9.02728  15.52620  -9.02573  15.57770  -9.17422  15.59000  -9.05136  15.48920  -9.18604  15.48500  -9.05489  15.30770  -8.99098  15.45090  -9.04450  15.03190  -9.10603  14.53050  -9.24450  14.40920  -9.14458  13.53400
-8.22958  12.01350  -8.09084  14.69540  -7.80644  14.84660  -7.94427  15.27890  -8.13504  15.39640  -8.02436  15.59090  -8.08585  15.56260  -8.09979  15.68550  -8.02042  15.64610  -8.03936  15.74630  -8.20689  15.80560  -8.05725  15.70300  -8.20498  15.67620  -8.06188  15.43470  -7.98640  15.63160  -8.04345  15.25940  -8.09069  14.83350  -8.23356  14.82410  -8.14319  14.15700
-7.21877  12.67260  -7.12662  14.44010  -6.83093  14.29990  -6.94793  14.78650  -7.18510  15.03530  -7.04950  15.27900  -7.09340  15.37400  -7.10708  15.58050  -6.99615  15.64650  -7.05067  15.85180  -7.23654  15.96230  -7.05417  15.89250  -7.22158  15.85860  -7.06376  15.55740  -6.97535  15.79070  -7.03608  15.45680  -7.06630  15.11850  -7.21505  15.14440  -7.13567  14.63170
-6.20579  13.32930  -6.15938  14.00700  -5.84537  13.62800  -5.95040  14.12440  -6.22410  14.54690  -6.06690  14.86670  -6.09579  14.98500  -6.11297  15.28220  -5.94307  15.50340  -6.06457  15.85260  -6.26464  16.05100  -6.04330  16.03840  -6.23536  16.02100  -6.05769  15.68840  -5.95978  15.94600  -6.02192  15.63910  -6.03370  15.37800  -6.19342  15.40150  -6.12215  14.98100
-5.20125  13.91400  -5.19189  13.47190  -4.86198  12.88920  -4.95113  13.37210  -5.25166  13.97430  -5.07719  14.39200  -5.09418  14.43830  -5.11438  14.83000  -4.87569  15.27820  -5.08204  15.71920  -5.28820  16.06650  -5.02630  16.11040  -5.24456  16.13930  -5.04648  15.82250  -4.93728  16.10960  -5.00066  15.80940  -4.99644  15.60390  -5.17348  15.62790  -5.11023  15.24770
-4.18987  14.26900  -4.22414  12.90800  -3.88038  12.14030  -3.95004  12.66390  -4.27595  13.32280  -4.08100  13.86840  -4.08523  13.85830  -4.11207  14.24530  -3.82272  15.03560  -4.10784  15.47840  -4.31093  15.98770  -4.00483  16.08900  -4.25479  16.18810  -4.03546  15.93990  -3.91291  16.28470  -3.97635  15.95360  -3.95566  15.79670  -4.15430  15.84660  -4.09780  15.47710
-3.17006  14.24110  -3.25143  12.35390  -2.90005  11.43620  -2.95799  12.09490  -3.29469  12.64010  -3.09368  13.36310  -3.07592  13.35780  -3.11497  13.57550  -2.78612  14.77570  -3.13186  15.19250  -3.32960  15.81850  -2.98619  15.97230  -3.26586  16.15970  -3.02440  16.02230  -2.88724  16.46630  -2.94674  16.08200  -2.91389  15.95680  -3.13175  16.05780  -3.08303  15.69460
-2.13862  13.90690  -2.27267  11.82860  -1.91551  10.77200  -1.96280  11.59660  -2.30902  12.06290  -2.10310  12.94820  -2.06565  12.98450  -2.11379  12.94470  -1.74689  14.49720  -2.14511  14.91730  -2.34134  15.58300  -1.96779  15.78060  -2.27761  16.06860  -2.01340  16.03920  -1.86125  16.62510  -1.91790  16.18410  -1.87970  16.08340  -2.11894  16.25890  -2.07678  15.90950
-0.93144  -0.68900  -1.28526  11.26880  -0.92639  10.12640  -0.96675  11.13420  -1.31861  11.61030  -1.11381  12.65810  -1.05313  12.74220  -1.11057  12.49500  -0.70419  14.24730  -1.15749  14.66920  -1.34775  15.31710  -0.95673  15.54350  -1.28974  15.93340  -1.00362  16.00040  -0.83922  16.68750  -0.89304  16.23720  -0.85267  16.16410  -1.11844  16.44130  -1.08089  16.12720