T31_Chip Verification
L004X¡¢L024X¡¢L026X_MML004X_V2-25_-VD=3V&ID=43mA_2025-09-01 14.49.13_25.0deg_Gain vs. Pout.txt 
Gain vs. Pout_Pout(dBm)_Gain(dB)
1.0GHz  1.5GHz  2.0GHz  2.5GHz  3.0GHz  3.5GHz  4.0GHz  4.5GHz  5.0GHz  5.5GHz  6.0GHz  6.5GHz  7.0GHz  7.5GHz  8.0GHz  8.5GHz  9.0GHz  9.5GHz  10.0GHz
-5.49863  25.55087  -2.37378  27.77462  -1.96278  27.88542  -2.16919  27.80761  -2.26090  27.74050  -2.03289  27.66411  -2.20855  27.60855  -2.24854  27.54556  -2.30557  27.48323  -2.22554  27.48116  -2.29112  27.51228  -2.25646  27.50044  -2.29723  27.56747  -2.22393  27.54567  -2.37386  27.38134  -2.86030  26.91120  -3.84034  26.04906  -5.30719  24.75901  -6.75996  23.14164
-3.63310  25.54010  -0.98201  27.76959  -0.70881  27.88859  -1.00798  27.80792  -1.14878  27.74192  -1.01468  27.66512  -1.18021  27.60889  -1.24072  27.54478  -1.29541  27.48409  -1.25802  27.47528  -1.31379  27.51521  -1.29121  27.50049  -1.31592  27.56908  -1.24427  27.54693  -1.39514  27.38316  -1.89022  26.91378  -2.85951  26.05259  -4.32284  24.76176  -5.78404  23.14866
-2.63809  25.53321  0.00472  27.77092  0.26095  27.88805  -0.01144  27.80786  -0.11608  27.73932  -0.05923  27.66667  -0.22551  27.60779  -0.29003  27.54627  -0.33945  27.48675  -0.28065  27.48025  -0.36070  27.51280  -0.32253  27.50327  -0.34936  27.56834  -0.28430  27.55130  -0.42600  27.38440  -0.91859  26.91461  -1.88729  26.05561  -3.34451  24.76429  -4.81483  23.14667
-1.66597  25.51363  0.97192  27.76152  1.24845  27.88465  0.94382  27.80522  0.84030  27.73910  0.90833  27.66493  0.72892  27.61112  0.68300  27.54820  0.64079  27.48479  0.68127  27.48117  0.59574  27.51314  0.63687  27.50317  0.60769  27.56790  0.68496  27.55146  0.54124  27.38494  0.04848  26.91858  -0.91497  26.06294  -2.36954  24.76826  -3.83883  23.14937
-0.71774  25.49896  1.93402  27.75882  2.20281  27.88071  1.91835  27.80655  1.83290  27.73370  1.86559  27.66529  1.70400  27.60770  1.64453  27.54403  1.60049  27.48339  1.64700  27.47740  1.56296  27.51406  1.60558  27.50298  1.57472  27.56802  1.65136  27.55226  1.50994  27.38594  1.02803  26.92323  0.05729  26.06529  -1.39047  24.77173  -2.86675  23.15175
0.26017  25.47507  2.93770  27.74840  3.20176  27.87456  2.91038  27.80058  2.82592  27.73392  2.83519  27.66459  2.67871  27.60701  2.62301  27.54341  2.57154  27.48194  2.62808  27.48078  2.53779  27.51179  2.57841  27.50021  2.55144  27.57044  2.61987  27.55277  2.49347  27.38647  2.01041  26.92931  1.03718  26.06868  -0.40840  24.77280  -1.89209  23.15361
1.18848  25.43648  3.91311  27.73821  4.16986  27.86766  3.88453  27.79683  3.81414  27.73134  3.80309  27.65879  3.64428  27.60438  3.59781  27.54221  3.55198  27.48018  3.59549  27.47909  3.51270  27.51210  3.55219  27.50249  3.52840  27.56760  3.60406  27.55126  3.47466  27.38886  2.99516  26.92986  2.02608  26.07548  0.57929  24.77739  -0.90333  23.15797
2.14864  25.38964  4.87936  27.72036  5.15356  27.86146  4.87678  27.79148  4.80313  27.72703  4.78302  27.65472  4.62928  27.59958  4.57529  27.53799  4.52863  27.47773  4.57675  27.47525  4.48855  27.51035  4.53596  27.49986  4.50609  27.56519  4.58697  27.54857  4.45963  27.38663  3.98715  26.93645  3.01947  26.08267  1.57012  24.78122  0.08832  23.16302
3.06452  25.32362  5.84306  27.70226  6.13070  27.84830  5.86308  27.78328  5.79102  27.71972  5.76504  27.64894  5.60831  27.59501  5.55561  27.53341  5.51166  27.47326  5.55507  27.47107  5.47579  27.50959  5.51716  27.49566  5.49233  27.56303  5.57422  27.54762  5.44726  27.38906  4.97818  26.93968  4.01600  26.08930  2.56588  24.78628  1.07851  23.16341
3.95236  25.22196  6.81341  27.67261  7.11231  27.83301  6.85484  27.77354  6.77980  27.71130  6.74808  27.64328  6.59198  27.59008  6.53978  27.52648  6.49666  27.46776  6.53920  27.46630  6.45627  27.50387  6.50549  27.49169  6.47320  27.55840  6.55773  27.54383  6.43650  27.38680  5.97462  26.94752  5.01181  26.09511  3.56031  24.78881  2.06966  23.16496
4.79337  25.07467  7.76698  27.63458  8.08833  27.81133  7.84235  27.75915  7.76549  27.69939  7.72732  27.63222  7.57502  27.57832  7.52252  27.51662  7.47786  27.46026  7.51899  27.45839  7.44082  27.49822  7.48840  27.48540  7.45676  27.55106  7.54155  27.53745  7.42599  27.38299  6.97038  26.94848  6.01532  26.10352  4.56016  24.79476  3.06849  23.16909
5.57335  24.85825  8.71176  27.57956  9.06065  27.78135  8.82398  27.74288  8.74777  27.68187  8.70510  27.61730  8.55564  27.56584  8.50206  27.50376  8.45907  27.44727  8.50078  27.44708  8.42177  27.48897  8.47151  27.47531  8.43999  27.54029  8.52728  27.52898  8.41534  27.37954  7.96990  26.95330  7.01973  26.11143  5.56038  24.79808  4.06697  23.17107
6.26387  24.55477  9.63361  27.50231  10.01640  27.74070  9.80152  27.71752  9.72539  27.65919  9.67657  27.59647  9.52879  27.54589  9.47602  27.48542  9.43683  27.43193  9.47847  27.43277  9.40131  27.47771  9.45151  27.46091  9.41744  27.52504  9.50649  27.51399  9.40053  27.37053  8.96837  26.95347  8.01980  26.11780  6.56513  24.80303  5.06915  23.17595
6.88030  24.17440  10.52130  27.39710  10.95820  27.68220  10.76080  27.68470  10.68860  27.62750  10.64190  27.56710  10.49910  27.51800  10.44560  27.45910  10.40880  27.40840  10.44640  27.41010  10.37420  27.45610  10.42110  27.43790  10.37810  27.49870  10.46640  27.48730  10.36810  27.34940  9.95108  26.94338  9.01094  26.12004  7.55475  24.80585  6.05133  23.17583
7.44210  23.74110  11.36030  27.24710  11.87680  27.60270  11.70950  27.63570  11.63690  27.58300  11.59150  27.52800  11.45190  27.47920  11.39700  27.42090  11.36350  27.37080  11.39910  27.37300  11.32520  27.42080  11.37020  27.39860  11.32410  27.45820  11.41260  27.44310  11.32180  27.31190  10.90810  26.91070  9.99284  26.10834  8.54284  24.80754  7.03788  23.17748
7.97618  23.27058  12.12730  27.02740  12.76370  27.49040  12.63440  27.56360  12.56320  27.51520  12.52100  27.46730  12.38610  27.41940  12.33110  27.36170  12.30240  27.31470  12.33360  27.31230  12.25330  27.36060  12.29500  27.33360  12.24870  27.39180  12.32830  27.36760  12.24540  27.24120  11.81920  26.82960  10.94230  26.06180  9.53020  24.80310  8.02587  23.17647
8.49908  22.78628  12.81010  26.72770  13.58720  27.31250  13.52200  27.45450  13.45240  27.41080  13.42150  27.37670  13.27700  27.31700  13.22870  27.26540  13.20360  27.21710  13.22130  27.20420  13.12990  27.24560  13.17080  27.21520  13.12600  27.27460  13.18390  27.22560  13.10790  27.10530  12.65700  26.67020  11.82810  25.94710  10.50840  24.78480  9.01548  23.17118
9.02984  22.30754  13.41750  26.35870  14.29700  27.02590  14.33670  27.27040  14.26850  27.23500  14.25470  27.21730  14.06810  27.11200  14.03770  27.07750  14.01070  27.02390  14.00330  26.98650  13.89150  27.01500  13.93630  26.98180  13.91130  27.06020  13.92560  26.96650  13.86180  26.85430  13.37920  26.39190  12.61810  25.72930  11.46510  24.73790  10.00420  23.15790
9.57739  21.84519  13.95220  25.91810  14.85170  26.58980  15.00770  26.94190  14.93510  26.91760  14.93790  26.90500  14.69080  26.73500  14.66850  26.71100  14.64020  26.64950  14.61840  26.59820  14.48660  26.61650  14.52360  26.56750  14.53590  26.68270  14.49950  26.53350  14.46390  26.44610  13.96400  25.97050  13.27930  25.37610  12.37110  24.63220  10.98340  23.12610
10.14490  21.40340  14.36840  25.36440  15.22260  25.96960  15.46000  26.39210  15.37240  26.37960  15.41280  26.38290  15.13570  26.17790  15.10070  26.14610  15.05800  26.06980  15.05460  26.04790  14.94540  26.08230  14.94180  25.97780  14.97250  26.11440  14.89860  25.92060  14.91160  25.88560  14.40850  25.42710  13.78910  24.89360  13.18990  24.43080  11.93160  23.05430
10.74130  20.98990  14.64180  24.66960  15.35100  25.11190  15.64400  25.58285  15.56940  25.61090  15.67630  25.65097  15.41770  25.47080  15.41060  25.47800  15.32890  25.35240  15.35710  25.36830  15.31070  25.45130  15.24850  25.28680  15.26650  25.42780  15.14530  25.18710  15.22580  25.21213  14.75430  24.78960  14.19300  24.30380  13.86930  24.11230  12.78140  22.91670
11.36720  20.60697  14.75540  23.81444  15.21130  23.99391  15.57510  24.51643  15.57520  24.65877  15.73740  24.73598  15.56210  24.63293  15.61620  24.70209  15.52620  24.55348  15.57770  24.60343  15.59000  24.76422  15.48920  24.54056  15.48500  24.67104  15.30770  24.36259  15.45090  24.44188  15.03190  24.07640  14.53050  23.63653  14.40920  23.65370  13.53400  22.67858
12.01350  20.24308  14.69540  22.78624  14.84660  22.65304  15.27890  23.22317  15.39640  23.53144  15.59090  23.61526  15.56260  23.64845  15.68550  23.78529  15.64610  23.66652  15.74630  23.78566  15.80560  24.01249  15.70300  23.76025  15.67620  23.88118  15.43470  23.49658  15.63160  23.61800  15.25940  23.30285  14.83350  22.92419  14.82410  23.05766  14.15700  22.30019
12.67260  19.89137  14.44010  21.56672  14.29990  21.13083  14.78650  21.73443  15.03530  22.22040  15.27900  22.32850  15.37400  22.46740  15.58050  22.68758  15.64650  22.64265  15.85180  22.90247  15.96230  23.19884  15.89250  22.94667  15.85860  23.08018  15.55740  22.62116  15.79070  22.76605  15.45680  22.49288  15.11850  22.18480  15.14440  22.35945  14.63170  21.76737
13.32930  19.53509  14.00700  20.16638  13.62800  19.47337  14.12440  20.07480  14.54690  20.77100  14.86670  20.93360  14.98500  21.08079  15.28220  21.39517  15.50340  21.44647  15.85260  21.91717  16.05100  22.31564  16.03840  22.08170  16.02100  22.25636  15.68840  21.74609  15.94600  21.90578  15.63910  21.66102  15.37800  21.41170  15.40150  21.59492  14.98100  21.10315
13.91400  19.11525  13.47190  18.66379  12.88920  17.75118  13.37210  18.32323  13.97430  19.22596  14.39200  19.46919  14.43830  19.53248  14.83000  19.94438  15.27820  20.15389  15.71920  20.80124  16.06650  21.35470  16.11040  21.13670  16.13930  21.38386  15.82250  20.86898  16.10960  21.04688  15.80940  20.81006  15.60390  20.60034  15.62790  20.80138  15.24770  20.35793
14.26900  18.45887  12.90800  17.13214  12.14030  16.02068  12.66390  16.61394  13.32280  17.59875  13.86840  17.94940  13.85830  17.94353  14.24530  18.35737  15.03560  18.85832  15.47840  19.58624  15.98770  20.29863  16.08900  20.09383  16.18810  20.44289  15.93990  19.97536  16.28470  20.19761  15.95360  19.92995  15.79670  19.75236  15.84660  20.00090  15.47710  19.57490
14.24110  17.41116  12.35390  15.60533  11.43620  14.33625  12.09490  15.05289  12.64010  15.93479  13.36310  16.45678  13.35780  16.43372  13.57550  16.69047  14.77570  17.56182  15.19250  18.32436  15.81850  19.14810  15.97230  18.95849  16.15970  19.42556  16.02230  19.04670  16.46630  19.35354  16.08200  19.02874  15.95680  18.87069  16.05780  19.18955  15.69460  18.77763
13.90690  16.04552  11.82860  14.10127  10.77200  12.68751  11.59660  13.55940  12.06290  14.37192  12.94820  15.05130  12.98450  15.05015  12.94470  15.05849  14.49720  16.24409  14.91730  17.06241  15.58300  17.92434  15.78060  17.74839  16.06860  18.34621  16.03920  18.05260  16.62510  18.48635  16.18410  18.10200  16.08340  17.96310  16.25890  18.37784  15.90950  17.98628
-0.68900  0.24244  11.26880  12.55406  10.12640  11.05279  11.13420  12.10095  11.61030  12.92891  12.65810  13.77191  12.74220  13.79533  12.49500  13.60557  14.24730  14.95149  14.66920  15.82669  15.31710  16.66485  15.54350  16.50023  15.93340  17.22314  16.00040  17.00402  16.68750  17.52672  16.23720  17.13024  16.16410  17.01677  16.44130  17.55974  16.12720  17.20809