T31_Chip Verification
L004X¡¢L024X¡¢L026X_MML004X_V2-25_-VD=3V&ID=43mA_2025-09-01 14.49.13_25.0deg_PxdB vs. Frequency.txt 
PxdB vs. Frequency_Frequency(GHz)_PxdB(dBm)
P1dB  P3dB  P5dB
1.00000  6.26387  1.00000  8.75531  1.00000  11.45634
1.50000  12.69238  1.50000  14.60409  1.50000  14.69540
2.00000  14.46915  2.00000  15.32210  2.00000  14.90948
2.50000  15.11688  2.50000  15.59411  2.50000  15.14307
3.00000  15.08589  3.00000  15.57480  3.00000  15.18472
3.50000  15.15079  3.50000  15.72730  3.50000  15.36504
4.00000  14.79819  4.00000  15.56212  4.00000  15.39351
4.50000  14.78773  4.50000  15.62815  4.50000  15.54964
5.00000  14.75546  5.00000  15.53447  5.00000  15.62676
5.50000  14.70865  5.50000  15.60096  5.50000  15.85213
6.00000  14.58152  6.00000  15.66434  6.00000  16.03265
6.50000  14.56686  6.50000  15.49657  6.50000  15.96797
7.00000  14.62623  7.00000  15.51137  7.00000  15.95940
7.50000  14.47971  7.50000  15.27410  7.50000  15.57095
8.00000  14.51021  8.00000  15.46336  8.00000  15.86032
8.50000  14.00998  8.50000  15.07897  8.50000  15.58252
9.00000  13.63089  9.00000  14.78126  9.00000  15.47927
9.50000  14.27888  9.50000  15.34831  9.50000  15.91214
10.00000  14.30432  10.00000  15.31098  10.00000  15.86504