T31_Chip Verification
L004X¡¢L024X¡¢L026X_MML004X_V2-25_-VD=5V&ID=90mA_2025-09-01 15.05.38_25.0deg_OIP3 vs. Frequency.txt 
OIP3 vs. Frequency_Frequency(GHz)_OIP3(dBm)
OIP3
1.00000  26.83927
1.50000  31.00859
2.00000  31.48345
2.50000  32.66320
3.00000  32.12634
3.50000  30.98032
4.00000  30.31106
4.50000  30.28616
5.00000  30.50525
5.50000  30.04821
6.00000  29.38814
6.50000  29.19012
7.00000  28.99574
7.50000  28.73818
8.00000  28.55571
8.50000  28.03363
9.00000  27.79340
9.50000  28.41486
10.00000  28.83523