T31_Chip Verification
L004X¡¢L024X¡¢L026X_MML004X_V2-85_-VD=3V&ID=42mA_2025-09-01 15.54.53_85.0deg_Gain vs. Pout.txt 
Gain vs. Pout_Pout(dBm)_Gain(dB)
1.0GHz  1.5GHz  2.0GHz  2.5GHz  3.0GHz  3.5GHz  4.0GHz  4.5GHz  5.0GHz  5.5GHz  6.0GHz  6.5GHz  7.0GHz  7.5GHz  8.0GHz  8.5GHz  9.0GHz  9.5GHz  10.0GHz
-6.22145  24.96435  -2.91349  27.21521  -2.42641  27.35779  -2.69007  27.28573  -2.71576  27.21284  -2.51457  27.13933  -2.67089  27.06901  -2.74918  26.99282  -2.78210  26.90920  -2.76024  26.88776  -2.83293  26.90307  -2.79798  26.87472  -2.88257  26.91903  -2.80904  26.86836  -3.00358  26.64702  -3.53026  26.13894  -4.55559  25.24921  -6.03653  23.94587  -7.46854  22.34646
-4.09836  24.96394  -1.48319  27.21591  -1.19688  27.35672  -1.50435  27.28695  -1.58425  27.21685  -1.49637  27.13353  -1.66856  27.06944  -1.74535  26.99125  -1.77654  26.90536  -1.77415  26.88885  -1.85663  26.89897  -1.83100  26.87530  -1.90434  26.91736  -1.84290  26.86410  -2.02749  26.64721  -2.56719  26.14471  -3.56077  25.25243  -5.04935  23.94665  -6.49448  22.34732
-3.14430  24.95990  -0.52994  27.21586  -0.20998  27.35562  -0.48091  27.28069  -0.60328  27.21402  -0.52309  27.13261  -0.68608  27.06582  -0.75758  26.98782  -0.81792  26.90778  -0.80089  26.88811  -0.89288  26.90212  -0.85187  26.87253  -0.92329  26.91901  -0.87901  26.86359  -1.05457  26.64743  -1.59362  26.14378  -2.59093  25.25317  -4.08037  23.94853  -5.52163  22.34657
-2.14709  24.95261  0.50837  27.21547  0.74951  27.35291  0.49004  27.28164  0.39725  27.21065  0.45094  27.13454  0.28793  27.06683  0.20484  26.98984  0.15736  26.90636  0.17340  26.88650  0.08002  26.90262  0.10404  26.87144  0.03926  26.91546  0.09219  26.86459  -0.09017  26.64593  -0.61365  26.14305  -1.61673  25.25467  -3.09311  23.94899  -4.54739  22.35001
-1.16667  24.94913  1.48992  27.21352  1.80366  27.35226  1.51267  27.27877  1.39163  27.20973  1.41265  27.12945  1.25307  27.06367  1.18597  26.98577  1.12447  26.90357  1.14072  26.88352  1.03458  26.89998  1.07760  26.86920  1.01238  26.91488  1.06186  26.86096  0.88274  26.64684  0.36534  26.14604  -0.64028  25.25892  -2.11122  23.95168  -3.57725  22.35075
-0.16453  24.93207  2.48196  27.20836  2.75611  27.35231  2.46546  27.27396  2.38192  27.20592  2.39241  27.12561  2.22763  27.06223  2.15493  26.98123  2.09928  26.90228  2.11710  26.88370  2.01109  26.89839  2.04634  26.86824  1.98078  26.91318  2.03771  26.86491  1.86451  26.64621  1.34686  26.14746  0.34053  25.26003  -1.13553  23.95107  -2.59610  22.34870
0.77679  24.91349  3.46606  27.20236  3.74223  27.34763  3.46473  27.27743  3.37219  27.20439  3.36768  27.12618  3.20425  27.06005  3.12843  26.97833  3.08431  26.90031  3.10164  26.87904  2.98845  26.89545  3.02466  26.86406  2.95723  26.91043  3.01739  26.85889  2.84283  26.64553  2.32738  26.14928  1.32395  25.26415  -0.14776  23.95404  -1.61187  22.35373
1.75971  24.88201  4.45028  27.19738  4.73263  27.34573  4.46492  27.27222  4.36227  27.19807  4.34029  27.12139  4.18563  27.05193  4.10905  26.97395  4.05820  26.89520  4.07318  26.87248  3.96184  26.89084  4.00177  26.85977  3.93933  26.90673  3.99987  26.85697  3.82836  26.64456  3.32028  26.15348  2.31711  25.26951  0.84254  23.95874  -0.62237  22.35543
2.68536  24.82566  5.43154  27.18494  5.72157  27.33887  5.44666  27.26686  5.35343  27.19153  5.32345  27.11485  5.16699  27.04649  5.09340  26.96680  5.04042  26.88902  5.05439  26.86879  4.94700  26.88870  4.98651  26.85671  4.91989  26.90239  4.98227  26.85387  4.81344  26.64194  4.30785  26.15535  3.31056  25.27386  1.83627  23.96107  0.36610  22.35570
3.59280  24.73790  6.39807  27.16457  6.70832  27.32822  6.44258  27.25788  6.34600  27.18690  6.31652  27.10792  6.15548  27.03928  6.07409  26.96019  6.02778  26.88258  6.03422  26.86472  5.92472  26.88372  5.96716  26.85026  5.90233  26.89593  5.96351  26.84721  5.79975  26.63725  5.29906  26.15676  4.30285  25.27655  2.82752  23.96152  1.35795  22.35965
4.44919  24.60689  7.36821  27.13571  7.69142  27.31392  7.43325  27.25035  7.33446  27.17576  7.29292  27.09672  7.13285  27.02715  7.05745  26.95045  7.00349  26.87189  7.01535  26.85405  6.90548  26.87308  6.94875  26.84045  6.88101  26.88461  6.94666  26.83936  6.78691  26.63461  6.29533  26.16153  5.30093  25.28203  3.82373  23.96473  2.35346  22.36216
5.24662  24.40682  8.32338  27.09208  8.67262  27.29092  8.42336  27.23716  8.31748  27.16138  8.26973  27.08123  8.11176  27.01426  8.03206  26.93416  7.98441  26.86031  7.99448  26.84178  7.88573  26.86483  7.92887  26.82947  7.86012  26.87422  7.93095  26.83005  7.77571  26.62971  7.29075  26.16435  6.30412  25.29082  4.82269  23.96769  3.34844  22.36264
5.95545  24.12245  9.25302  27.02642  9.63667  27.25967  9.40694  27.21734  9.29643  27.14143  9.24600  27.06480  9.08847  26.99547  9.00868  26.91688  8.96278  26.84428  8.97316  26.82826  8.86409  26.85199  8.91147  26.81767  8.83658  26.85798  8.90774  26.81494  8.75577  26.61827  8.28646  26.16236  7.30184  25.29654  5.82425  23.97125  4.34775  22.36515
6.58808  23.75858  10.15030  26.92870  10.58640  27.21360  10.37220  27.19010  10.26500  27.11600  10.21310  27.04050  10.05650  26.97190  9.97981  26.89371  9.93338  26.82238  9.93900  26.80590  9.83552  26.83142  9.87898  26.79528  9.79744  26.83434  9.86882  26.79082  9.72488  26.60068  9.27057  26.15587  8.29083  25.29913  6.81160  23.97490  5.32914  22.36624
7.16942  23.34212  10.99820  26.78590  11.51290  27.14390  11.32790  27.15050  11.22120  27.07800  11.16300  27.00270  11.01090  26.93440  10.93300  26.85860  10.88930  26.78720  10.89270  26.76970  10.78850  26.80030  10.82890  26.75910  10.74770  26.79830  10.82000  26.75480  10.68600  26.57230  10.24120  26.13980  9.28119  25.30049  7.79802  23.97762  6.31363  22.37043
7.71700  22.88900  11.77140  26.57500  12.40340  27.03530  12.26180  27.08840  12.15350  27.01800  12.09980  26.94950  11.94930  26.88170  11.87020  26.80410  11.83240  26.73690  11.83480  26.71950  11.72870  26.75180  11.76370  26.70490  11.68180  26.74430  11.75090  26.69590  11.62670  26.52150  11.18330  26.09110  10.25670  25.28020  8.78589  23.97749  7.30029  22.36989
8.24714  22.41434  12.46510  26.28770  13.23340  26.86720  13.15400  26.98510  13.05240  26.92460  13.00710  26.86720  12.85000  26.78910  12.77560  26.71760  12.74200  26.65140  12.73480  26.62600  12.61930  26.65510  12.65810  26.60870  12.57960  26.65080  12.63560  26.58590  12.52330  26.42310  12.06510  25.97790  11.19110  25.21700  9.77191  23.96991  8.29124  22.36934
8.77415  21.93385  13.08100  25.92610  13.95260  26.58860  13.97930  26.81200  13.88330  26.76580  13.85380  26.72280  13.65480  26.60020  13.60300  26.55080  13.56650  26.47750  13.53760  26.43080  13.40630  26.45110  13.45180  26.40610  13.40390  26.47930  13.42360  26.37590  13.32950  26.22830  12.84060  25.75590  12.03990  25.06140  10.75050  23.94870  9.28514  22.36514
9.31492  21.46742  13.61650  25.48900  14.50650  26.15250  14.66130  26.49900  14.57490  26.47180  14.56010  26.43610  14.30550  26.25480  14.27060  26.22330  14.23120  26.14180  14.18490  26.07820  14.03430  26.08810  14.08020  26.03590  14.08120  26.15640  14.05520  26.00540  13.99720  25.88940  13.48240  25.39510  12.76660  24.77940  11.69980  23.89080  10.27740  22.35070
9.86723  21.01273  14.02810  24.93200  14.85950  25.51600  15.11560  25.95240  15.04440  25.96680  15.06770  25.94930  14.78580  25.73560  14.75020  25.70800  14.70390  25.62370  14.66900  25.57710  14.52920  25.59150  14.54860  25.49960  14.58440  25.65630  14.52160  25.46270  14.51180  25.40140  13.97930  24.90970  13.33690  24.36370  12.58400  23.75990  11.25420  22.31300
10.43620  20.57660  14.28090  24.21847  14.97570  24.65030  15.29100  25.13698  15.25210  25.21326  15.34130  25.23041  15.09210  25.05726  15.07470  25.05818  15.02710  24.96215  15.02290  24.95330  14.93340  25.00250  14.90610  24.86326  14.93850  25.03220  14.84370  24.80867  14.89480  24.80228  14.37220  24.32314  13.79120  23.83230  13.32820  23.51290  12.15190  22.22860
11.02300  20.15578  14.37840  23.35031  14.84940  23.54837  15.22030  24.07214  15.24340  24.25278  15.37440  24.29285  15.23040  24.21622  15.27200  24.27669  15.24910  24.19186  15.28690  24.23620  15.25420  24.35920  15.19220  24.16632  15.20900  24.33085  15.06730  24.05020  15.18460  24.10260  14.70630  23.67180  14.17850  23.22272  13.93400  23.12765  12.96020  22.05190
11.62690  19.75287  14.33680  22.34220  14.51170  22.23700  14.93540  22.79454  15.05310  23.11760  15.19620  23.14431  15.20380  23.20705  15.31730  23.34033  15.36620  23.30290  15.46840  23.43530  15.49750  23.63797  15.43070  23.41548  15.43000  23.57535  15.23510  23.22903  15.40530  23.32405  14.99250  22.96281  14.53910  22.57680  14.41580  22.60757  13.65300  21.74969
12.23570  19.35557  14.12370  21.16597  14.01090  20.76374  14.46720  21.33382  14.70320  21.81888  14.88030  21.85710  15.00950  22.02284  15.18440  22.21957  15.34690  22.25776  15.56260  22.54684  15.66040  22.83558  15.62220  22.60863  15.61950  22.78609  15.38130  22.38249  15.60020  22.51375  15.23310  22.20196  14.87660  21.89772  14.80480  21.98635  14.20200  21.29704
12.83020  18.94030  13.74360  19.81922  13.37800  19.15084  13.84000  19.71139  14.23590  20.39337  14.49170  20.48902  14.64720  20.66637  14.88400  20.92897  15.20040  21.06247  15.54340  21.54691  15.74890  21.95615  15.75760  21.73800  15.77270  21.95716  15.52000  21.52060  15.78270  21.68512  15.44060  21.40059  15.16760  21.16411  15.12580  21.29333  14.61770  20.70456
13.33600  18.44398  13.25550  18.36625  12.66620  17.46042  13.12820  18.00393  13.67870  18.86751  14.05330  19.06591  14.15500  19.17576  14.46780  19.51911  14.98910  19.79263  15.40430  20.42958  15.75260  20.98828  15.82040  20.78934  15.87900  21.07750  15.64790  20.64313  15.96130  20.84657  15.61270  20.55737  15.40400  20.37011  15.39540  20.54922  14.93310  20.01359
13.61070  17.71064  12.69890  16.84393  11.93080  15.74720  12.44570  16.32414  13.04920  17.26666  13.57180  17.59155  13.62180  17.63767  13.94720  17.99870  14.76350  18.52028  15.18240  19.23599  15.66820  19.92955  15.79270  19.74629  15.91410  20.12768  15.74990  19.73866  16.13580  20.00152  15.75630  19.68171  15.59300  19.52507  15.62790  19.76641  15.18530  19.25589
13.56670  16.65152  12.11420  15.28887  11.20580  14.04464  11.85800  14.74827  12.40050  15.64032  13.09610  16.13259  13.14500  16.15508  13.35020  16.40780  14.51500  17.24119  14.92910  18.00827  15.51200  18.79295  15.68550  18.62491  15.88520  19.11285  15.80090  18.78211  16.29680  19.14170  15.87430  18.77369  15.74490  18.64106  15.84110  18.95908  15.40340  18.46107
13.27510  15.33300  11.52310  13.71902  10.50540  12.36233  11.32920  13.22634  11.82490  14.08122  12.68170  14.73074  12.77240  14.77673  12.77180  14.83058  14.24480  15.93962  14.67050  16.76657  15.29800  17.59268  15.51490  17.44007  15.80360  18.04579  15.79400  17.76743  16.41470  18.23752  15.95030  17.82521  15.85350  17.72072  16.03110  18.13790  15.60990  17.66230
1.04924  1.93152  10.89550  12.10620  2.83442  3.81267  10.83560  11.73984  11.35410  12.62297  12.36840  13.43054  12.50460  13.50020  12.32050  13.37845  13.98470  14.64666  14.43260  15.54399  15.06580  16.36901  15.29940  16.21600  15.68330  16.93971  15.74100  16.70741  16.44380  17.24967  15.97990  16.83377  15.91370  16.75898  16.19540  17.30324  15.80630  16.86347
-0.64879  -0.78732  -3.53482  -3.29276  -2.66090  -2.62979  10.37460  10.28102  10.94230  11.22215  12.14810  12.22487  12.32580  12.31070  12.03420  12.09060  13.76680  13.39081  14.22760  14.35510  14.86250  15.17099  15.08140  14.99456  15.53480  15.80527  15.66010  15.62544  16.34180  16.13758  15.96340  15.80165  15.93220  15.76600  16.32960  16.44952  15.99880  16.06722
-1.85839  -3.01334  -5.02469  -5.79355  -4.75103  -5.71546  9.95800  8.86676  4.52813  3.86238  11.98180  11.07845  12.18760  11.16107  11.86660  10.92183  13.58570  12.16977  14.07250  13.22368  14.72140  14.03479  14.90300  13.82116  15.36580  14.65450  15.57020  14.54013  16.11480  14.91088  15.91690  14.74804  15.91550  14.75134  16.42530  15.57353  16.18140  15.27145