T31_Chip Verification
L004X¡¢L024X¡¢L026X_MML004X_V2-40_-VD=5V&ID=92mA_2025-09-01 15.36.17_-40.0deg_Psat.txt 
Saturation Power vs. Frequency_Frequency(GHz)_Psat(dBm)
Psat
1.00000  18.84450
1.50000  19.24780
2.00000  19.99340
2.50000  20.75670
3.00000  20.92830
3.50000  20.95740
4.00000  20.69950
4.50000  20.78220
5.00000  20.79630
5.50000  20.94850
6.00000  21.14150
6.50000  21.15700
7.00000  21.18830
7.50000  21.12870
8.00000  21.73380
8.50000  21.04790
9.00000  20.75870
9.50000  21.35080
10.00000  21.18550