T31_Chip Verification
L004X¡¢L024X¡¢L026X_MML004X_V2-85_-VD=5V&ID=88mA_2025-09-01 15.56.54_85.0deg_Pout vs. Pin.txt 
Pout vs. Pin_Pin(dBm)_Pout(dBm)
1.0GHz  1.5GHz  2.0GHz  2.5GHz  3.0GHz  3.5GHz  4.0GHz  4.5GHz  5.0GHz  5.5GHz  6.0GHz  6.5GHz  7.0GHz  7.5GHz  8.0GHz  8.5GHz  9.0GHz  9.5GHz  10.0GHz
-30.98570  -3.87724  -30.07880  -0.82711  -29.81330  -0.45875  -29.94350  -0.71721  -29.87520  -0.76116  -29.66660  -0.67302  -29.74270  -0.84788  -29.71950  -0.91866  -29.69510  -0.97456  -29.61350  -0.89602  -29.69950  -0.92484  -29.68070  -0.85494  -29.73010  -0.75849  -29.67430  -0.64206  -29.66260  -0.75389  -29.68410  -1.25566  -29.77670  -2.30205  -29.93180  -3.89667  -29.78750  -5.48083
-29.06580  -1.95980  -28.67850  0.57967  -28.62010  0.73577  -28.79970  0.42792  -28.76310  0.35123  -28.61540  0.37123  -28.70960  0.18342  -28.70760  0.09439  -28.70370  0.01575  -28.63780  0.07950  -28.71800  0.06552  -28.68240  0.14366  -28.75390  0.21950  -28.69490  0.34103  -28.67960  0.22901  -28.71200  -0.28035  -28.80600  -1.32692  -28.94370  -2.90832  -28.80430  -4.49654
-28.05480  -0.93948  -27.67600  1.58331  -27.57430  1.77945  -27.76470  1.46062  -27.80500  1.30590  -27.63990  1.35250  -27.72960  1.16482  -27.73490  1.07082  -27.72680  0.99728  -27.66940  1.05250  -27.74450  1.03528  -27.72320  1.10506  -27.78950  1.18757  -27.71380  1.32483  -27.72440  1.19154  -27.74050  0.69312  -27.84010  -0.35807  -27.97740  -1.93554  -27.83850  -3.52678
-27.06850  0.04534  -26.72250  2.53852  -26.60620  2.74801  -26.75170  2.47384  -26.78620  2.32701  -26.66270  2.33312  -26.75870  2.13340  -26.75910  2.04296  -26.75160  1.97132  -26.70150  2.01884  -26.77540  2.00507  -26.76130  2.06577  -26.82530  2.14941  -26.75800  2.28207  -26.75040  2.16515  -26.77470  1.66080  -26.86880  0.61682  -27.00050  -0.95712  -26.86550  -2.55491
-26.07200  1.04764  -25.67990  3.58268  -25.59470  3.76290  -25.79170  3.43469  -25.79130  3.31940  -25.70180  3.29046  -25.80000  3.09436  -25.78320  3.01652  -25.78760  2.93452  -25.72470  2.99733  -25.81630  2.96636  -25.78560  3.04495  -25.84910  3.12872  -25.78700  3.25606  -25.77570  3.14295  -25.79590  2.64775  -25.89400  1.59833  -26.02230  0.02509  -25.89250  -1.58080
-25.07990  2.03723  -24.69720  4.56475  -24.61880  4.73937  -24.78380  4.44122  -24.78900  4.32341  -24.72180  4.26851  -24.82320  4.07236  -24.80130  4.00089  -24.81300  3.91098  -24.74550  3.97653  -24.83590  3.94721  -24.81210  4.02066  -24.87520  4.10341  -24.81180  4.23180  -24.79290  4.13005  -24.81750  3.63073  -24.92280  2.57299  -25.04430  1.00761  -24.92070  -0.60496
-24.07000  3.04718  -23.70950  5.55601  -23.62060  5.73817  -23.80230  5.42807  -23.79610  5.31645  -23.74840  5.24553  -23.83440  5.06013  -23.82810  4.97410  -23.82930  4.89245  -23.76900  4.95296  -23.86120  4.92166  -23.83570  4.99631  -23.89600  5.08441  -23.83280  5.21421  -23.81330  5.11513  -23.83420  4.62149  -23.93780  3.56622  -24.06110  1.99522  -23.93520  0.38449
-23.08980  4.01956  -22.72280  6.54516  -22.63230  6.72604  -22.81040  6.42200  -22.79830  6.31263  -22.76560  6.22858  -22.85210  6.04238  -22.83830  5.96408  -22.85090  5.87246  -22.78730  5.93531  -22.88180  5.90305  -22.85190  5.98131  -22.91470  6.06717  -22.84900  6.20376  -22.82530  6.10861  -22.84910  5.61493  -22.95020  4.56144  -23.07530  2.98780  -22.94840  1.37394
-22.09380  5.00846  -21.73350  7.53530  -21.63160  7.72990  -21.81430  7.41661  -21.80400  7.30664  -21.77530  7.21641  -21.86480  7.02915  -21.85170  6.94996  -21.86050  6.86468  -21.80100  6.92295  -21.89190  6.89524  -21.86480  6.96933  -21.92830  7.05657  -21.85930  7.19582  -21.83900  7.10018  -21.86200  6.60888  -21.96420  5.55653  -22.08220  3.98542  -21.96120  2.36670
-21.11110  5.97854  -20.73440  8.53693  -20.64560  8.71920  -20.81870  8.41297  -20.80130  8.30958  -20.78640  8.20570  -20.87600  8.01843  -20.86290  7.93868  -20.87110  7.85118  -20.81410  7.91139  -20.90650  7.87855  -20.87690  7.95827  -20.94020  8.04646  -20.87260  8.18690  -20.85080  8.09368  -20.87290  7.60917  -20.97390  6.55781  -21.09290  4.98400  -20.97210  3.35998
-20.10350  6.95879  -19.73790  9.53248  -19.65180  9.71339  -19.81290  9.41833  -19.80790  9.30467  -19.79490  9.19614  -19.88380  9.00859  -19.87080  8.92719  -19.88250  8.83946  -19.82640  8.89703  -19.91850  8.86682  -19.88660  8.94988  -19.94910  9.04056  -19.88250  9.18136  -19.85920  9.09393  -19.87940  8.61358  -19.98080  7.56419  -20.09990  5.98676  -19.98030  4.36230
-19.10570  7.91893  -18.74010  10.52970  -18.65110  10.71570  -18.81310  10.41900  -18.80930  10.30050  -18.80160  10.18730  -18.89290  9.99941  -18.88100  9.91781  -18.89030  9.83075  -18.83700  9.88779  -18.92930  9.85764  -18.89460  9.94382  -18.95830  10.03410  -18.88890  10.17900  -18.86610  10.09470  -18.88720  9.61868  -18.98650  8.57243  -19.10470  6.99204  -18.98540  5.36439
-18.10700  8.84466  -17.74310  11.52230  -17.65460  11.71330  -17.81380  11.42220  -17.80900  11.30010  -17.81010  11.17820  -17.89630  10.99290  -17.88770  10.90840  -17.89790  10.82210  -17.84490  10.87900  -17.93700  10.84950  -17.90140  10.93690  -17.96580  11.02700  -17.89600  11.17450  -17.87300  11.09200  -17.89010  10.62560  -17.99510  9.57792  -18.10660  8.00195  -17.98840  6.36866
-17.11680  9.71308  -16.74410  12.51190  -16.65200  12.71280  -16.82110  12.41510  -16.81330  12.29640  -16.81670  12.16970  -16.90200  11.98440  -16.89400  11.89990  -16.90600  11.81150  -16.85350  11.86690  -16.94440  11.83910  -16.90920  11.92600  -16.98050  12.01050  -16.91100  12.16030  -16.88720  12.08280  -16.90020  11.62470  -17.00980  10.57930  -17.12280  9.00066  -17.00850  7.36073
-16.13170  10.49610  -15.74880  13.49240  -15.66060  13.69960  -15.82580  13.40810  -15.81660  13.28800  -15.82800  13.15160  -15.91050  12.96950  -15.90510  12.88140  -15.91670  12.79570  -15.86480  12.85000  -15.95730  12.82100  -15.92380  12.90590  -15.99310  12.99470  -15.92300  13.14440  -15.90020  13.07200  -15.91270  12.61750  -16.02040  11.58180  -16.13960  9.99982  -16.02690  8.35561
-15.14610  11.18110  -14.75240  14.45920  -14.66320  14.68640  -14.83000  14.39800  -14.82280  14.27460  -14.84000  14.13370  -14.92030  13.95160  -14.91360  13.86390  -14.92320  13.78030  -14.87180  13.83360  -14.96950  13.79890  -14.93710  13.88430  -15.00390  13.97440  -14.93310  14.12410  -14.90880  14.05670  -14.92260  13.60150  -15.02710  12.58210  -15.15220  11.00230  -15.04180  9.35424
-14.15820  11.78510  -13.75580  15.39790  -13.66650  15.66070  -13.83550  15.38330  -13.82810  15.25830  -13.84780  15.11300  -13.92620  14.93160  -13.92180  14.84320  -13.92900  14.76250  -13.87770  14.81330  -13.97950  14.77150  -13.94550  14.85600  -14.01090  14.94700  -13.93800  15.09510  -13.91330  15.03220  -13.92750  14.56810  -14.02970  13.57220  -14.15940  12.00940  -14.04980  10.36090
-13.16760  12.33490  -12.76010  16.28120  -12.66910  16.61370  -12.84150  16.35960  -12.83290  16.23280  -12.85540  16.08630  -12.93240  15.90320  -12.92490  15.81580  -12.93090  15.73600  -12.87870  15.78240  -12.98520  15.72790  -12.94980  15.81330  -13.01250  15.90700  -12.94010  16.04360  -12.91250  15.98730  -12.92820  15.46750  -13.02520  14.52950  -13.15970  13.02060  -13.05100  11.37420
-12.17320  12.84350  -11.77170  17.03680  -11.67390  17.50640  -11.84470  17.31130  -11.83700  17.18560  -11.85970  17.04350  -11.93410  16.85100  -11.92770  16.76950  -11.93090  16.68590  -11.87790  16.70770  -11.98820  16.60850  -11.95080  16.71220  -12.01180  16.82440  -11.93800  16.91320  -11.90850  16.86530  -11.92500  16.19740  -12.01740  15.34310  -12.15460  14.03070  -12.04400  12.39580
-11.17610  13.31440  -10.79810  17.55720  -10.67010  18.24300  -10.84760  18.20630  -10.84740  18.08680  -10.86160  17.96560  -10.93380  17.73380  -10.92970  17.67120  -10.94160  17.55060  -10.89160  17.50820  -10.99100  17.34670  -10.94660  17.46380  -11.00520  17.60670  -10.92810  17.61370  -10.90860  17.57220  -10.94290  16.76800  -11.03380  15.94090  -11.14110  15.02830  -11.03040  13.41980
-10.17600  13.77640  -9.83275  17.89570  -9.66007  18.66740  -9.85817  18.94930  -9.86666  18.87790  -9.86282  18.79740  -9.94761  18.52580  -9.95081  18.47000  -9.96114  18.31860  -9.90942  18.23610  -9.98734  18.04460  -9.95220  18.13390  -10.02170  18.25040  -9.95033  18.20950  -9.92993  18.17250  -9.96496  17.28760  -10.05090  16.44180  -10.15170  15.93080  -10.04730  14.40250
-9.17139  14.24500  -8.86941  18.15850  -8.66032  18.87640  -8.86222  19.41350  -8.88747  19.46220  -8.88372  19.43320  -8.96810  19.16760  -8.96992  19.14860  -8.97765  19.02160  -8.92316  18.94020  -9.01364  18.73110  -8.97172  18.79840  -9.04435  18.87250  -8.96687  18.81460  -8.94495  18.77560  -8.98119  17.83770  -9.06022  16.95660  -9.16448  16.66050  -9.06320  15.36880
-8.16545  14.72180  -7.90498  18.35100  -7.67434  19.00610  -7.86146  19.59680  -7.92468  19.76520  -7.90358  19.78560  -7.98700  19.53750  -7.98563  19.58710  -7.98564  19.56160  -7.93456  19.53690  -8.04034  19.36890  -7.98373  19.41730  -8.06387  19.46540  -7.97761  19.40500  -7.95064  19.39120  -7.98886  18.44640  -8.06210  17.53640  -8.16731  17.26520  -8.07038  16.27030
-7.15725  15.20590  -6.94138  18.46450  -6.70059  19.10080  -6.86356  19.65520  -6.97862  19.80840  -6.92982  19.84240  -7.00086  19.67120  -6.99781  19.78680  -6.98109  19.85310  -6.94452  19.90890  -7.07306  19.83670  -6.98677  19.87110  -7.08643  19.91630  -6.98496  19.85950  -6.94637  19.92450  -6.99071  19.07360  -7.05739  18.17450  -7.16237  17.86110  -7.06914  17.01440
-6.14379  15.69180  -5.97249  18.49860  -5.73148  19.16530  -5.86905  19.62950  -6.03927  19.71020  -5.95616  19.69520  -6.01004  19.60510  -6.00758  19.78670  -5.95135  19.94750  -5.95834  20.09710  -6.11251  20.10610  -5.98152  20.15230  -6.11022  20.20150  -5.98586  20.14770  -5.93354  20.29030  -5.98230  19.59770  -6.04535  18.81830  -6.15497  18.49660  -6.06067  17.66450
-5.14049  16.16570  -5.00516  18.46480  -4.77238  19.09980  -4.87826  19.39570  -5.09543  19.52070  -4.98040  19.47860  -5.01874  19.35070  -5.01655  19.56720  -4.89337  19.87670  -4.97372  20.15440  -5.14973  20.25460  -4.97008  20.32300  -5.13071  20.38330  -4.98066  20.34640  -4.91259  20.55940  -4.96599  19.92930  -5.02370  19.35260  -5.14648  19.14450  -5.05142  18.32070
-4.13358  16.61570  -4.03622  18.37730  -3.81206  18.69520  -3.88877  18.85190  -4.15054  19.14170  -3.99810  19.16600  -4.02478  18.98600  -4.02740  19.14650  -3.81920  19.65990  -4.00215  20.07820  -4.18581  20.31900  -3.95381  20.41330  -4.15338  20.48580  -3.97476  20.48240  -3.88909  20.78000  -3.94388  20.14870  -3.99032  19.70310  -4.13379  19.69930  -4.03706  18.98850
-3.12553  17.00400  -3.06362  18.19670  -2.83772  17.81900  -2.90566  17.89200  -3.19991  18.45410  -3.02277  18.68550  -3.03066  18.52130  -3.04611  18.65800  -2.74875  19.36630  -3.03768  19.87450  -3.21760  20.30880  -2.93837  20.43390  -3.17515  20.53010  -2.96751  20.56280  -2.86343  20.96360  -2.91468  20.30690  -2.95132  19.93010  -3.10953  20.07960  -3.01835  19.55000
-2.11147  17.29140  -2.09107  17.60410  -1.84637  16.51990  -1.91471  16.79210  -2.23398  17.39550  -2.04135  18.03840  -2.03411  17.93200  -2.06152  18.16270  -1.69556  19.08250  -2.07356  19.57130  -2.24383  20.22370  -1.92310  20.38660  -2.19881  20.52340  -1.96097  20.58260  -1.83874  21.09400  -1.88683  20.41190  -1.91854  20.08060  -2.09408  20.34050  -2.00852  19.91120
-1.09200  17.39080  -1.11738  16.58850  -0.84562  15.20880  -0.92047  15.82960  -1.24982  16.24480  -1.05368  17.32350  -1.03485  17.33850  -1.07270  17.53110  -0.67198  18.82650  -1.10723  19.22320  -1.26687  20.05260  -0.91157  20.26000  -1.22153  20.47220  -0.95389  20.54590  -0.81797  21.15150  -0.86269  20.46960  -0.89063  20.17480  -1.09157  20.52660  -1.01049  20.15590
-0.06237  17.17600  -0.18432  6.82754  0.15188  14.12130  0.07848  15.03290  -0.25388  15.33880  -0.06153  16.65590  -0.03593  16.86400  -0.08195  16.81210  0.33865  18.52600  -0.12762  18.93720  -0.28757  19.78830  0.09468  20.04620  -0.24528  20.37400  0.04658  20.45630  0.19565  21.10690  0.15466  20.48660  0.12939  20.22670  -0.10119  20.65520  -0.02206  20.34130
1.10920  7.17976  0.81667  2.37329  1.16720  13.16300  1.07668  14.33310  0.74572  14.68690  0.92834  16.10470  0.96577  16.44680  0.91267  16.14570  1.33835  18.14920  0.85948  18.69500  0.69405  19.44710  1.08934  19.76200  0.72676  20.23550  1.04204  20.33240  1.20107  20.92980  1.16448  20.46620  1.14143  20.24500  0.87596  20.74310  0.95461  20.48980