T31_Chip Verification
L004X¡¢L024X¡¢L026X_MML004X_V2-25_-VD=4.5V&ID=78mA_2025-09-01 15.03.07_25.0deg_OIP3 vs. Frequency.txt 
OIP3 vs. Frequency_Frequency(GHz)_OIP3(dBm)
OIP3
1.00000  23.02043
1.50000  28.65251
2.00000  30.45543
2.50000  31.54980
3.00000  31.25141
3.50000  30.43177
4.00000  30.03009
4.50000  29.92338
5.00000  30.13787
5.50000  29.57271
6.00000  29.06742
6.50000  28.67673
7.00000  28.76414
7.50000  28.31672
8.00000  28.09854
8.50000  27.40912
9.00000  27.18060
9.50000  27.77707
10.00000  28.35854