T31_Chip Verification
L004X¡¢L024X¡¢L026X_MML004X_V2-25_-VD=4.5V&ID=78mA_2025-09-01 15.03.07_25.0deg_Pout vs. Pin.txt 
Pout vs. Pin_Pin(dBm)_Pout(dBm)
1.0GHz  1.5GHz  2.0GHz  2.5GHz  3.0GHz  3.5GHz  4.0GHz  4.5GHz  5.0GHz  5.5GHz  6.0GHz  6.5GHz  7.0GHz  7.5GHz  8.0GHz  8.5GHz  9.0GHz  9.5GHz  10.0GHz
-30.91370  -3.51684  -30.04530  -0.51574  -29.74080  -0.13985  -29.84410  -0.37614  -29.85750  -0.49769  -29.64590  -0.38880  -29.73260  -0.55915  -29.70570  -0.61612  -29.75770  -0.73677  -29.64680  -0.61526  -29.70420  -0.60691  -29.70090  -0.54954  -29.75230  -0.45415  -29.70310  -0.31718  -29.70070  -0.39504  -29.73570  -0.85048  -29.85020  -1.86307  -29.97620  -3.37414  -29.83260  -4.95591
-29.10390  -1.69868  -28.68840  0.84218  -28.55730  1.04673  -28.73580  0.73864  -28.79410  0.57555  -28.60940  0.64791  -28.71680  0.45347  -28.71690  0.37557  -28.76460  0.25880  -28.66610  0.36615  -28.74400  0.35242  -28.73180  0.41801  -28.78860  0.51393  -28.74000  0.65023  -28.74070  0.56570  -28.75380  0.13591  -28.87660  -0.88449  -29.00340  -2.40170  -28.85280  -3.97011
-28.04240  -0.63568  -27.66090  1.87073  -27.58740  2.02049  -27.77150  1.70187  -27.80070  1.56601  -27.67020  1.59037  -27.77140  1.39976  -27.75490  1.33713  -27.78340  1.23923  -27.69750  1.33193  -27.78500  1.31150  -27.77590  1.37537  -27.84170  1.46209  -27.78630  1.60462  -27.77600  1.53420  -27.81450  1.08131  -27.91730  0.07723  -28.04000  -1.43278  -27.89720  -3.01726
-27.06090  0.34080  -26.68710  2.84902  -26.59230  3.01551  -26.80110  2.67548  -26.81290  2.55756  -26.71120  2.54957  -26.81370  2.36030  -26.78580  2.30577  -26.82810  2.19386  -26.74590  2.28763  -26.82890  2.26937  -26.82570  2.32759  -26.87210  2.43140  -26.81830  2.57388  -26.81400  2.49770  -26.85230  2.04642  -26.94750  1.05097  -27.06550  -0.45558  -26.92760  -2.04573
-26.10320  1.30055  -25.72990  3.80748  -25.64570  3.96355  -25.81400  3.66407  -25.81590  3.55061  -25.74480  3.51628  -25.85590  3.32121  -25.83240  3.26191  -25.86720  3.15671  -25.77900  3.25528  -25.86190  3.23759  -25.85160  3.30083  -25.90820  3.39835  -25.85200  3.54148  -25.84600  3.47083  -25.87260  3.03267  -25.97730  2.02861  -26.08820  0.52486  -25.95890  -1.07036
-25.13310  2.26715  -24.74750  4.78994  -24.66110  4.95149  -24.83490  4.64244  -24.82790  4.53920  -24.77940  4.47962  -24.88040  4.29384  -24.85670  4.23589  -24.89040  4.13333  -24.81350  4.21945  -24.89770  4.20408  -24.88600  4.26734  -24.94400  4.36340  -24.88200  4.51639  -24.87190  4.45031  -24.89890  4.01292  -24.99910  3.01240  -25.11250  1.50512  -24.98790  -0.09731
-24.15550  3.23737  -23.76280  5.77823  -23.67500  5.94006  -23.87580  5.60166  -23.84960  5.51946  -23.80910  5.45107  -23.91350  5.26095  -23.89090  5.20225  -23.91760  5.10745  -23.83330  5.20208  -23.92320  5.17958  -23.91140  5.24498  -23.96160  5.34938  -23.90620  5.49664  -23.88530  5.43989  -23.91220  5.00749  -24.02150  3.99791  -24.12990  2.49375  -24.00260  0.89036
-23.16540  4.21101  -22.77790  6.76148  -22.68900  6.92580  -22.87970  6.59888  -22.85690  6.51026  -22.82770  6.43167  -22.92310  6.24937  -22.90820  6.18605  -22.93490  6.08926  -22.85740  6.17771  -22.94530  6.15774  -22.92730  6.23055  -22.98090  6.33055  -22.92020  6.48477  -22.90540  6.42486  -22.93230  5.99629  -23.03770  4.99128  -23.14560  3.48379  -23.01830  1.87971
-22.17990  5.17758  -21.78480  7.75592  -21.69670  7.91907  -21.87630  7.60572  -21.86500  7.50499  -21.84620  7.41284  -21.94110  7.22941  -21.92330  7.16861  -21.95060  7.07421  -21.86990  7.16301  -21.96320  7.14054  -21.94010  7.21823  -21.99260  7.32021  -21.93200  7.47614  -21.91930  7.41936  -21.94460  6.99381  -22.04820  5.99240  -22.15590  4.48014  -22.03010  2.87326
-21.19650  6.12542  -20.80030  8.73711  -20.70530  8.91181  -20.88640  8.59571  -20.86750  8.49977  -20.85020  8.40675  -20.95230  8.21910  -20.93510  8.15616  -20.96000  8.06345  -20.88490  8.15037  -20.97480  8.13058  -20.95270  8.20800  -21.00520  8.31051  -20.94620  8.46559  -20.93080  8.41318  -20.95730  7.99087  -21.05890  6.99261  -21.16500  5.47901  -21.04100  3.86667
-20.20240  7.07200  -19.80810  9.72287  -19.71370  9.90239  -19.88820  9.59326  -19.87260  9.49585  -19.86400  9.39401  -19.96390  9.20546  -19.94470  9.14472  -19.96890  9.05325  -19.89960  9.13611  -19.98600  9.11863  -19.96310  9.19824  -20.01820  9.29888  -19.95780  9.45823  -19.94110  9.41044  -19.96450  8.99584  -20.06620  7.99786  -20.17210  6.48168  -20.04990  4.86423
-19.20510  7.99231  -18.80720  10.71260  -18.71390  10.90160  -18.88860  10.59460  -18.87490  10.49150  -18.87310  10.38170  -18.97100  10.19540  -18.95490  10.13250  -18.98070  10.03990  -18.90650  10.12640  -18.99820  10.10590  -18.97060  10.18920  -19.02700  10.29190  -18.96390  10.45580  -18.94420  10.41240  -18.96920  10.00180  -19.07170  9.00652  -19.17580  7.48776  -19.05490  5.86697
-18.21040  8.86729  -17.81370  11.69020  -17.71760  11.89350  -17.88750  11.59540  -17.87380  11.49000  -17.88030  11.37190  -17.97500  11.18890  -17.96210  11.12240  -17.98730  11.03110  -17.91600  11.11530  -18.00660  11.09640  -17.97730  11.18300  -18.03380  11.28480  -17.97210  11.44870  -17.95440  11.40790  -17.97410  11.00880  -18.07960  10.01400  -18.17680  8.49870  -18.05580  6.87387
-17.22100  9.67077  -16.81770  12.66000  -16.72320  12.87900  -16.89750  12.58280  -16.88090  12.48070  -16.88850  12.36020  -16.98440  12.17600  -16.96780  12.11200  -16.99560  12.01900  -16.92450  12.10360  -17.01260  12.08730  -16.98580  12.17130  -17.04830  12.26790  -16.98440  12.43390  -16.96740  12.39760  -16.98300  12.00670  -17.09230  11.01380  -17.19190  9.49702  -17.07460  7.86485
-16.23960  10.38080  -15.81990  13.61920  -15.72640  13.86380  -15.90200  13.57580  -15.88310  13.47380  -15.90050  13.34400  -15.99020  13.16270  -15.97840  13.09480  -16.00530  13.00350  -15.93450  13.08710  -16.02560  13.06860  -15.99760  13.15290  -16.05950  13.25020  -15.99660  13.41590  -15.97750  13.38370  -15.99360  12.99640  -16.10150  12.01420  -16.20730  10.49550  -16.09180  8.85976
-15.25290  11.00500  -14.82420  14.55620  -14.73050  14.83930  -14.90690  14.56440  -14.89000  14.45970  -14.91080  14.32480  -14.99810  14.14520  -14.98660  14.07540  -15.01020  13.98880  -14.94190  14.06970  -15.03660  14.04630  -15.00960  14.12850  -15.06920  14.22730  -15.00500  14.39220  -14.98540  14.36590  -15.00230  13.97310  -15.10640  13.00950  -15.21810  11.49850  -15.10430  9.86065
-14.25950  11.56250  -13.82720  15.45850  -13.73140  15.80230  -13.91100  15.54590  -13.89350  15.44180  -13.91930  15.30310  -14.00510  15.12310  -13.99250  15.05360  -14.01410  14.96900  -13.94530  15.04690  -14.04590  15.01460  -14.01710  15.09760  -14.07530  15.19540  -14.00880  15.35550  -13.98730  15.33260  -14.00490  14.89810  -14.10680  13.97780  -14.22270  12.50410  -14.11020  10.86640
-13.26720  12.07140  -12.83480  16.29110  -12.73270  16.73440  -12.91420  16.51660  -12.89720  16.41270  -12.92420  16.27500  -13.00870  16.08900  -12.99460  16.02250  -13.01470  15.93650  -12.94550  15.99820  -13.04980  15.93480  -13.01930  16.02650  -13.07560  16.13470  -13.00910  16.25210  -12.98570  16.22970  -13.00600  15.66090  -13.10020  14.82450  -13.22110  13.51030  -13.10930  11.87900
-12.26840  12.54930  -11.85090  16.96680  -11.73600  17.58500  -11.91740  17.45370  -11.90060  17.35860  -11.92800  17.22680  -12.01010  16.99400  -11.99680  16.94460  -12.01480  16.83210  -11.94080  16.82580  -12.05340  16.67820  -12.01870  16.78450  -12.07180  16.92890  -12.00280  16.94290  -11.97790  16.92650  -12.00030  16.22650  -12.08720  15.45350  -12.21140  14.50700  -12.09890  12.89810
-11.26540  13.02350  -10.88050  17.42650  -10.73070  18.24700  -10.91750  18.29810  -10.91140  18.22630  -10.92720  18.10860  -11.00710  17.80730  -10.99760  17.76690  -11.02360  17.58200  -10.95180  17.49570  -11.05650  17.27150  -11.01400  17.35080  -11.06440  17.48830  -10.99110  17.44300  -10.97540  17.44480  -11.01570  16.64870  -11.09710  15.89480  -11.19450  15.43980  -11.08140  13.91880
-10.26120  13.51010  -9.91558  17.75400  -9.72303  18.63730  -9.92726  18.95530  -9.93047  18.93350  -9.92687  18.86090  -10.01760  18.52380  -10.01810  18.48090  -10.04170  18.25270  -9.96685  18.13310  -10.05320  17.88680  -10.01950  17.90590  -10.08090  17.96850  -10.01070  17.90140  -9.99239  17.90510  -10.03440  17.03250  -10.10610  16.26360  -10.19950  16.16130  -10.09590  14.88980
-9.25292  14.00930  -8.95256  17.96620  -8.72697  18.82030  -8.92962  19.36040  -8.95527  19.39590  -8.94691  19.38130  -9.03585  19.04490  -9.03625  19.02960  -9.05172  18.84820  -8.97878  18.77970  -9.07795  18.55260  -9.03560  18.53770  -9.10236  18.52580  -9.02429  18.43970  -9.00338  18.41710  -9.04700  17.48260  -9.10723  16.66410  -9.20256  16.68760  -9.10742  15.78130
-8.24394  14.52690  -7.98799  18.08340  -7.74233  18.90100  -7.92879  19.50180  -7.99331  19.59420  -7.96667  19.62080  -8.05383  19.30710  -8.05086  19.34670  -8.05098  19.25370  -7.99062  19.26810  -8.10571  19.14790  -8.04425  19.11420  -8.12223  19.08400  -8.03136  18.98980  -8.00434  18.97260  -8.05084  18.06010  -8.10228  17.18610  -8.19513  17.13250  -8.10796  16.48600
-7.23409  15.06450  -7.02432  18.12050  -6.77184  18.92190  -6.93007  19.47310  -7.04802  19.55810  -6.99165  19.57290  -7.06577  19.35520  -7.06054  19.46710  -7.03968  19.47890  -7.00067  19.55060  -7.14039  19.52420  -7.04234  19.48950  -7.14265  19.47160  -7.03550  19.35890  -6.99519  19.41420  -7.04863  18.69760  -7.09243  17.83780  -7.18278  17.63100  -7.09832  17.02050
-6.22066  15.61870  -6.05518  18.09410  -5.80518  18.81890  -5.93394  19.27290  -6.11191  19.34720  -6.01756  19.31360  -6.07451  19.19690  -6.06942  19.37490  -6.00488  19.52920  -6.01316  19.69500  -6.17791  19.74310  -6.03244  19.73170  -6.16433  19.72540  -6.03216  19.60100  -5.97763  19.72110  -6.03619  19.17460  -6.07481  18.50700  -6.16998  18.24680  -6.08406  17.53840
-5.21589  16.17230  -5.08620  18.01720  -4.84590  18.42630  -4.94073  18.78520  -5.16908  18.96740  -5.03978  18.95030  -5.08144  18.85310  -5.07744  19.03050  -4.94003  19.39690  -5.02858  19.70770  -5.21294  19.86380  -5.01737  19.88140  -5.18288  19.89400  -5.02385  19.78310  -4.95276  19.97620  -5.01491  19.46640  -5.04448  18.98740  -5.15713  18.88750  -5.07206  18.15860
-4.20883  16.70750  -4.11869  17.85210  -3.87916  17.70500  -3.94723  17.92750  -4.22328  18.36690  -4.05585  18.45960  -4.08510  18.36450  -4.08764  18.50060  -3.85760  19.11690  -4.05773  19.57290  -4.24581  19.89620  -3.99687  19.94380  -4.20263  19.98550  -4.01470  19.90760  -3.92523  20.19980  -3.98873  19.67800  -4.00351  19.28710  -4.13928  19.35610  -4.05550  18.79710
-3.19804  17.19110  -3.15174  17.37190  -2.89492  16.60780  -2.95880  16.85450  -3.26709  17.44720  -3.07711  17.82090  -3.08536  17.71270  -3.10336  17.96000  -2.78368  18.78410  -3.09529  19.29660  -3.27446  19.83810  -2.97831  19.91770  -3.22171  20.00640  -3.00475  19.97110  -2.89632  20.38930  -2.95573  19.82840  -2.97185  19.43780  -3.11378  19.67010  -3.03751  19.24760
-2.18281  17.52830  -2.18481  16.53430  -1.90257  15.39050  -1.96603  15.85930  -2.29740  16.26890  -2.09246  17.10250  -2.08492  17.04100  -2.11417  17.36700  -1.73621  18.48310  -2.13146  18.93060  -2.29776  19.68450  -1.95904  19.80570  -2.24237  19.96450  -1.99507  19.97090  -1.86661  20.53020  -1.92439  19.92900  -1.91881  19.63340  -2.09956  19.90390  -2.02981  19.53370
-1.15774  17.51020  -1.20776  15.58260  -0.90391  14.29980  -0.96996  15.07560  -1.30938  15.24510  -1.10198  16.42460  -1.08245  16.51060  -1.12215  16.60650  -0.70825  18.16250  -1.15762  18.57860  -1.31639  19.43430  -0.94546  19.60570  -1.26261  19.87200  -0.98596  19.91280  -0.84166  20.59130  -0.89672  19.97570  -0.88602  19.71690  -1.11163  20.04540  -1.03458  19.74210
-0.11612  17.02470  -0.27010  1.78030  0.09628  13.33110  0.02878  14.38620  -0.31342  14.54530  -0.10985  15.87200  -0.07996  16.11500  -0.12865  15.85500  0.31293  17.76960  -0.16858  18.30950  -0.33319  19.09590  0.06100  19.32940  -0.28462  19.73480  0.01636  19.80880  0.17523  20.51880  0.12399  19.97150  0.13784  19.74840  -0.10750  20.19220  -0.04923  19.90650
1.09651  2.54970  0.74247  -1.03953  1.11308  12.42590  1.02820  13.73930  0.68674  14.00620  0.87994  15.47390  0.92607  15.79530  0.86857  15.28700  1.32919  17.35570  0.81999  18.03980  0.65535  18.73880  1.05669  19.01670  0.68947  19.56260  1.01374  19.67960  1.18307  20.26790  1.13660  19.92260  1.15361  19.73200  0.86876  20.25880  0.92700  20.04040