T31_Chip Verification
L004X¡¢L024X¡¢L026X_MML004X_V2-40_-VD=4V&ID=65mA_2025-09-01 15.37.45_-40.0deg_Pout vs. Pin.txt 
Pout vs. Pin_Pin(dBm)_Pout(dBm)
1.0GHz  1.5GHz  2.0GHz  2.5GHz  3.0GHz  3.5GHz  4.0GHz  4.5GHz  5.0GHz  5.5GHz  6.0GHz  6.5GHz  7.0GHz  7.5GHz  8.0GHz  8.5GHz  9.0GHz  9.5GHz  10.0GHz
-31.13720  -2.99534  -30.10200  0.13506  -29.83460  0.42623  -29.89360  0.19793  -29.94270  0.01634  -29.70410  0.13205  -29.80120  -0.07069  -29.78610  -0.15026  -29.81190  -0.25595  -29.69120  -0.14383  -29.73910  -0.14850  -29.74660  -0.11322  -29.77320  0.00897  -29.74510  0.13905  -29.76130  0.08284  -29.77640  -0.29055  -29.88940  -1.21508  -29.97600  -2.65063  -29.83750  -4.19546
-29.18820  -1.05642  -28.74390  1.48948  -28.64060  1.61584  -28.83200  1.26308  -28.79780  1.16610  -28.64620  1.18665  -28.78700  0.94595  -28.76330  0.87396  -28.80300  0.75037  -28.71580  0.82742  -28.76300  0.82942  -28.77470  0.85911  -28.80340  0.98335  -28.76860  1.11815  -28.78380  1.06073  -28.81850  0.67108  -28.91700  -0.23520  -29.00110  -1.66823  -28.86720  -3.22066
-28.08280  0.03341  -27.67290  2.55905  -27.63160  2.62601  -27.82510  2.26982  -27.79760  2.16280  -27.68570  2.15016  -27.79520  1.93794  -27.79220  1.84494  -27.84720  1.70729  -27.74820  1.80183  -27.79770  1.79667  -27.80390  1.83206  -27.83540  1.95496  -27.80540  2.08869  -27.81540  2.03557  -27.84930  1.65012  -27.94390  0.74400  -28.02860  -0.69027  -27.89510  -2.24539
-27.11290  0.98983  -26.74550  3.48562  -26.63620  3.62056  -26.83860  3.25241  -26.83390  3.13050  -26.73830  3.09633  -26.83560  2.89954  -26.83700  2.80424  -26.86560  2.69165  -26.78050  2.76837  -26.83450  2.76277  -26.84590  2.79462  -26.86910  2.92556  -26.83910  3.05867  -26.84470  3.01414  -26.88210  2.62399  -26.97310  1.72186  -27.05910  0.28621  -26.92910  -1.27503
-26.14610  1.93954  -25.75120  4.47880  -25.68730  4.56983  -25.83150  4.25983  -25.84960  4.11344  -25.76000  4.07412  -25.87810  3.85754  -25.86170  3.78160  -25.89870  3.65969  -25.80260  3.74459  -25.86950  3.72823  -25.87550  3.76656  -25.89930  3.89676  -25.87360  4.02876  -25.87190  3.99162  -25.90360  3.61313  -26.00450  2.70333  -26.08250  1.26880  -25.95710  -0.29626
-25.15780  2.89939  -24.77120  5.45219  -24.69190  5.56566  -24.88450  5.21020  -24.86380  5.10287  -24.80400  5.03473  -24.89460  4.84335  -24.88690  4.75689  -24.92920  4.63446  -24.82800  4.72410  -24.89720  4.70770  -24.90030  4.74562  -24.92930  4.87064  -24.90130  5.00840  -24.89660  4.97705  -24.92820  4.60082  -25.02820  3.69389  -25.10140  2.26196  -24.98160  0.68468
-24.17180  3.84803  -23.77370  6.44581  -23.69720  6.55839  -23.88200  6.21305  -23.86290  6.10123  -23.82970  6.00808  -23.92290  5.81644  -23.91130  5.73386  -23.95030  5.61468  -23.85180  5.70445  -23.92550  5.68100  -23.93070  5.72026  -23.94820  5.85723  -23.91540  6.00052  -23.91280  5.96988  -23.94470  5.59937  -24.04690  4.69074  -24.11820  3.25603  -23.99830  1.67613
-23.17190  4.79339  -22.78420  7.42457  -22.69600  7.55685  -22.88790  7.20990  -22.86390  7.10210  -22.84330  6.99670  -22.94380  6.79696  -22.92930  6.71788  -22.96270  6.60227  -22.87300  6.68739  -22.94500  6.66527  -22.94140  6.71373  -22.97120  6.84180  -22.93700  6.98981  -22.92920  6.96425  -22.95700  6.60245  -23.06390  5.69208  -23.13190  4.25634  -23.01560  2.67230
-22.20950  5.68156  -21.80010  8.39285  -21.71230  8.53788  -21.89270  8.20479  -21.86940  8.09771  -21.85520  7.98583  -21.95140  7.79124  -21.94390  7.70474  -21.97750  7.59116  -21.88720  7.67665  -21.95670  7.65814  -21.95720  7.70400  -21.98080  7.83831  -21.94660  7.98760  -21.94320  7.96247  -21.97550  7.60171  -22.07420  6.69890  -22.14280  5.26059  -22.02470  3.67283
-21.20120  6.58520  -20.80500  9.36445  -20.71590  9.52472  -20.90000  9.19513  -20.87850  9.08858  -20.86620  8.97408  -20.96370  8.77913  -20.95320  8.69766  -20.98940  8.58356  -20.90240  8.66479  -20.97400  8.64766  -20.96730  8.69834  -20.99570  8.83056  -20.96190  8.98220  -20.95520  8.96366  -20.98620  8.60902  -21.08580  7.70963  -21.15270  6.26781  -21.03770  4.67435
-20.21420  7.43174  -19.80640  10.32470  -19.72130  10.50680  -19.90050  10.18720  -19.88100  10.08300  -19.87840  9.96085  -19.97610  9.76762  -19.96380  9.68717  -19.99920  9.57359  -19.91330  9.65516  -19.98300  9.64012  -19.97740  9.69217  -20.00800  9.82372  -19.97210  9.97918  -19.96410  9.96605  -19.99280  9.61819  -20.09360  8.72030  -20.16230  7.27688  -20.04590  5.68014
-19.22350  8.23389  -18.80540  11.27200  -18.72550  11.47970  -18.90290  11.17710  -18.88330  11.07380  -18.88720  10.94790  -18.98270  10.75510  -18.97420  10.67280  -19.00880  10.56180  -18.92200  10.64430  -18.99700  10.62600  -18.98790  10.68270  -19.01410  10.81650  -18.97860  10.97440  -18.96990  10.96500  -19.00030  10.61990  -19.10070  9.72899  -19.16790  8.28972  -19.05230  6.68895
-18.23400  8.96629  -17.80790  12.19500  -17.72400  12.44810  -17.89820  12.16730  -17.88450  12.06140  -17.89160  11.93240  -17.99090  11.74010  -17.97910  11.66020  -18.01580  11.54840  -17.93190  11.63040  -18.00590  11.61290  -17.99360  11.67120  -18.02250  11.80500  -17.98790  11.95980  -17.98100  11.95460  -18.00410  11.61540  -18.10810  10.72690  -18.16960  9.30174  -18.05600  7.69833
-17.25020  9.60979  -16.81570  13.09030  -16.72800  13.39850  -16.90770  13.13690  -16.88630  13.04240  -16.90160  12.90850  -16.99640  12.72070  -16.98630  12.64000  -17.02520  12.52940  -16.94180  12.61020  -17.01370  12.59510  -17.00430  12.65070  -17.03850  12.77510  -17.00260  12.92890  -16.99270  12.92880  -17.01480  12.59120  -17.12250  11.70800  -17.18510  10.29680  -17.07670  8.69199
-16.26450  10.17430  -15.81980  13.96100  -15.72950  14.33330  -15.91410  14.10060  -15.89350  14.01280  -15.91210  13.87980  -16.00500  13.69450  -15.99810  13.61050  -16.03600  13.50190  -15.95190  13.58200  -16.02680  13.56370  -16.01780  13.61830  -16.05180  13.74030  -16.01500  13.89080  -16.00580  13.89180  -16.02670  13.54210  -16.13310  12.67380  -16.20220  11.28420  -16.09550  9.68385
-15.27270  10.68490  -14.82450  14.79060  -14.73060  15.24340  -14.91690  15.05470  -14.90020  14.97320  -14.92530  14.84030  -15.01610  14.65740  -15.00670  14.57770  -15.04240  14.47110  -14.96060  14.54740  -15.03980  14.52090  -15.03010  14.57180  -15.06350  14.68950  -15.02660  14.83120  -15.01500  14.83410  -15.03920  14.42980  -15.14150  13.59630  -15.21580  12.26830  -15.11000  10.67810
-14.27560  11.15900  -13.83490  15.54400  -13.72810  16.11920  -13.92300  15.98700  -13.90530  15.91930  -13.93410  15.79220  -14.02450  15.60780  -14.01500  15.52970  -14.04880  15.42420  -13.96570  15.48620  -14.05100  15.42960  -14.04010  15.48680  -14.07150  15.60450  -14.03160  15.70670  -14.02070  15.69920  -14.04550  15.18010  -14.14600  14.39690  -14.22280  13.24340  -14.11880  11.67100
-13.27460  11.61360  -12.85330  16.16320  -12.72540  16.90860  -12.92820  16.87560  -12.91380  16.82940  -12.94040  16.71750  -13.02930  16.49100  -13.02070  16.43020  -13.05270  16.30780  -12.96690  16.31540  -13.05880  16.19150  -13.04530  16.26110  -13.07300  16.39430  -13.03350  16.40640  -13.02100  16.39070  -13.04960  15.76410  -13.14040  15.02520  -13.22350  14.19320  -13.12070  12.66200
-12.26930  12.07840  -11.88310  16.64460  -11.72690  17.53430  -11.93060  17.65830  -11.92130  17.65090  -11.94660  17.56030  -12.03350  17.27260  -12.02650  17.22560  -12.05570  17.05230  -11.96470  16.98750  -12.06970  16.77390  -12.04930  16.81840  -12.07330  16.94890  -12.03100  16.89600  -12.01530  16.90010  -12.04820  16.19860  -12.12710  15.48520  -12.21720  15.05200  -12.11480  13.64680
-11.26490  12.56070  -10.91720  17.02530  -10.72430  17.96720  -10.93260  18.27150  -10.94000  18.28610  -10.94890  18.25130  -11.03340  17.92650  -11.03150  17.88710  -11.06730  17.65580  -10.97750  17.55320  -11.07790  17.29020  -11.04880  17.26290  -11.07360  17.33490  -11.02340  17.26750  -11.01430  17.30230  -11.06500  16.53210  -11.13450  15.82730  -11.20010  15.74980  -11.10050  14.60030
-10.26070  13.06470  -9.95381  17.28070  -9.72953  18.20670  -9.94211  18.66230  -9.97277  18.65580  -9.95466  18.70550  -10.04810  18.39280  -10.05720  18.36520  -10.08140  18.10860  -9.99622  18.08260  -10.08030  17.85750  -10.05760  17.75300  -10.09690  17.71940  -10.04710  17.62860  -10.03460  17.66360  -10.08580  16.83410  -10.14310  16.12040  -10.20250  16.25720  -10.11690  15.41650
-9.25242  13.59700  -8.99295  17.40630  -8.74682  18.29980  -8.94727  18.80940  -9.01441  18.80280  -8.98258  18.91010  -9.07068  18.63740  -9.08024  18.68190  -9.08770  18.45700  -9.01591  18.50910  -9.11445  18.42540  -9.07624  18.29890  -9.12576  18.19300  -9.06470  18.06370  -9.04713  18.04380  -9.10081  17.19520  -9.14414  16.43680  -9.20460  16.64350  -9.12834  16.06640
-8.24557  14.15910  -8.03017  17.43970  -7.77491  18.27570  -7.95288  18.75610  -8.07158  18.75910  -8.01238  18.85930  -8.09222  18.70160  -8.10024  18.79860  -8.08386  18.69570  -8.03624  18.78070  -8.15550  18.80370  -8.08586  18.68150  -8.15493  18.57550  -8.07775  18.39940  -8.04946  18.38950  -8.10710  17.71420  -8.14026  16.89750  -8.19738  16.99290  -8.12861  16.54960
-7.23860  14.74870  -7.06576  17.41480  -6.81130  18.06140  -6.96023  18.49140  -7.13765  18.53190  -7.04585  18.59660  -7.11030  18.58900  -7.11649  18.73630  -7.06599  18.77080  -7.05561  18.92440  -7.20120  19.02140  -7.08621  18.92300  -7.18496  18.84020  -7.08584  18.61690  -7.04137  18.66030  -7.10640  18.23370  -7.13153  17.53650  -7.18716  17.42310  -7.12218  16.94290
-6.22882  15.36080  -6.09689  17.34510  -5.84811  17.57080  -5.96785  17.96300  -6.20123  18.13100  -6.07355  18.21570  -6.12516  18.27080  -6.13314  18.42940  -6.02187  18.66130  -6.07839  18.94670  -6.24619  19.14210  -6.07970  19.07460  -6.21619  19.01600  -6.08566  18.79200  -6.02755  18.90150  -6.09417  18.56240  -6.11023  18.09740  -6.17741  17.98870  -6.11249  17.40240
-5.22824  15.97810  -5.13177  17.13750  -4.88286  16.81370  -4.97487  17.06380  -5.25207  17.53550  -5.09616  17.69050  -5.13580  17.71350  -5.14876  17.90070  -4.95098  18.38780  -5.10516  18.82310  -5.28649  19.17360  -5.06847  19.14530  -5.24219  19.11840  -5.08037  18.91870  -5.00618  19.12770  -5.07418  18.78770  -5.07687  18.44050  -5.16733  18.46580  -5.10752  17.99170
-4.22612  16.59120  -4.17585  16.57170  -3.90542  15.78990  -3.98105  16.00900  -4.29949  16.64180  -4.11010  17.02180  -4.13824  16.96170  -4.16037  17.31220  -3.87522  18.04390  -4.14430  18.55380  -4.32419  19.10790  -4.05150  19.12280  -4.26804  19.15450  -4.07459  19.00860  -3.98090  19.34100  -4.04947  18.95570  -4.04654  18.64260  -4.15601  18.79150  -4.10038  18.45000
-3.22155  17.10570  -3.21872  15.78410  -2.92588  14.70520  -2.99484  15.13320  -3.33624  15.49690  -3.13053  16.28800  -3.13879  16.23030  -3.17563  16.64690  -2.82862  17.71370  -3.18504  18.19720  -3.35628  18.94140  -3.03517  19.00070  -3.29167  19.11770  -3.06741  19.04430  -2.95213  19.52680  -3.01634  19.06570  -3.04223  18.74280  -3.14103  19.03010  -3.09170  18.72390
-2.20786  17.30120  -2.25318  14.99580  -1.94363  13.80520  -2.00492  14.49650  -2.35990  14.50700  -2.14546  15.62170  -2.14003  15.68360  -2.18720  15.78820  -1.80014  17.35240  -2.21330  17.82900  -2.38179  18.68550  -2.02023  18.79320  -2.31570  19.02110  -2.06028  19.02440  -1.92133  19.65790  -1.98780  19.13400  -2.00053  18.85690  -2.18053  19.18770  -2.09236  18.93190
-1.17658  16.93330  -1.33045  1.16342  -0.95251  13.00280  -1.01410  13.93570  -1.37442  13.86650  -1.15658  15.12900  -1.13845  15.32420  -1.19441  15.01200  -0.77097  16.94620  -1.22677  17.51840  -1.40008  18.34860  -1.01133  18.51130  -1.33916  18.88270  -1.05345  18.95380  -0.89571  19.66890  -0.96079  19.15530  -0.91659  18.98050  -1.20811  19.30010  -1.10371  19.10980
0.06292  0.67354  -0.33255  -2.14060  0.04067  12.19090  -0.02153  13.38220  -0.38589  13.40470  -0.16929  14.80940  -0.13493  15.08090  -0.19943  14.47740  0.25867  16.55190  -0.23806  17.21710  -0.41331  17.97540  -0.00932  18.18770  -0.36167  18.69680  -0.05303  18.83970  0.12120  19.47340  0.05998  19.11870  0.10889  18.96990  -0.19089  19.40320  -0.12419  19.22240
1.08218  -1.47963  0.68049  -4.11066  0.89399  -2.27985  0.97290  12.86710  0.55239  4.15664  0.81363  14.59990  0.87148  14.91140  0.79858  14.22150  1.29054  16.23050  0.74514  16.93310  0.57987  17.70500  0.98319  17.89060  0.61303  18.47870  0.94173  18.70780  1.12610  19.10690  1.07290  19.04280  1.12379  18.91030  0.81617  19.49660  0.84928  19.35110