T31_Chip Verification
L004X¡¢L024X¡¢L026X_MML004X_V2-25_-VD=4V&ID=67mA_2025-09-01 15.00.12_25.0deg_PxdB vs. Frequency.txt 
PxdB vs. Frequency_Frequency(GHz)_PxdB(dBm)
P1dB  P3dB  P5dB
1.00000  9.42173  1.00000  11.71233  1.00000  13.93255
1.50000  15.86278  1.50000  17.09350  1.50000  17.19022
2.00000  17.45753  2.00000  18.00845  2.00000  17.77065
2.50000  18.17769  2.50000  18.45675  2.50000  18.00670
3.00000  18.22897  3.00000  18.45452  3.00000  17.99237
3.50000  18.26225  3.50000  18.50671  3.50000  18.02153
4.00000  17.83780  4.00000  18.32664  4.00000  17.98888
4.50000  17.85419  4.50000  18.43626  4.50000  18.07626
5.00000  17.59179  5.00000  18.45046  5.00000  18.34008
5.50000  17.35066  5.50000  18.54813  5.50000  18.63251
6.00000  16.91516  6.00000  18.60220  6.00000  18.85343
6.50000  16.90194  6.50000  18.45911  6.50000  18.86736
7.00000  17.02895  7.00000  18.41296  7.00000  18.87866
7.50000  16.83422  7.50000  18.16650  7.50000  18.66668
8.00000  16.90720  8.00000  18.26510  8.00000  18.93630
8.50000  15.99857  8.50000  17.51745  8.50000  18.53436
9.00000  15.48347  9.00000  16.99209  9.00000  18.32239
9.50000  16.38984  9.50000  18.16175  9.50000  18.90125
10.00000  16.66103  10.00000  18.28433  10.00000  18.82756