T31_Chip Verification
L004X¡¢L024X¡¢L026X_MML004X_V2-25_-VD=4V&ID=67mA_2025-09-01 15.00.12_25.0deg_Psat.txt 
Saturation Power vs. Frequency_Frequency(GHz)_Psat(dBm)
Psat
1.00000  16.70530
1.50000  17.19390
2.00000  18.02360
2.50000  18.50040
3.00000  18.52480
3.50000  18.60990
4.00000  18.34760
4.50000  18.44450
5.00000  18.48390
5.50000  18.67620
6.00000  18.85770
6.50000  18.89060
7.00000  18.93690
7.50000  18.86750
8.00000  19.50540
8.50000  18.94420
9.00000  18.77130
9.50000  19.20300
10.00000  18.92350