T31_Chip Verification
L004X¡¢L024X¡¢L026X_MML004X_V2-25_-VD=4V&ID=67mA_2025-09-01 15.00.12_25.0deg_Gain vs. Pout.txt 
Gain vs. Pout_Pout(dBm)_Gain(dB)
1.0GHz  1.5GHz  2.0GHz  2.5GHz  3.0GHz  3.5GHz  4.0GHz  4.5GHz  5.0GHz  5.5GHz  6.0GHz  6.5GHz  7.0GHz  7.5GHz  8.0GHz  8.5GHz  9.0GHz  9.5GHz  10.0GHz
-3.86295  26.99225  -0.83841  29.14839  -0.53373  29.23567  -0.82483  29.11687  -0.90505  29.01825  -0.70791  28.92539  -0.87908  28.85432  -0.94949  28.77161  -1.03538  28.70932  -0.91692  28.70998  -0.94608  28.76802  -0.89139  28.80141  -0.82976  28.92785  -0.71706  28.98544  -0.83727  28.87143  -1.29648  28.42722  -2.29234  27.54046  -3.80276  26.17744  -5.33521  24.48159
-2.07319  26.99081  0.50825  29.14725  0.62979  29.23768  0.38172  29.12662  0.26305  29.01426  0.32145  28.92855  0.11768  28.85388  0.04170  28.77620  -0.02574  28.70806  0.05074  28.71044  0.02025  28.76805  0.07129  28.80339  0.13067  28.92637  0.23820  28.97820  0.13184  28.87214  -0.33376  28.42844  -1.33545  27.54045  -2.83099  26.18251  -4.37106  24.48784
-1.07722  26.99108  1.46403  29.15423  1.63169  29.23829  1.35711  29.12051  1.23446  29.02036  1.26814  28.92574  1.07674  28.85234  1.00873  28.77833  0.92942  28.71202  0.99942  28.71142  0.97931  28.76731  1.04406  28.80426  1.09203  28.92753  1.20612  28.98342  1.10444  28.87714  0.62786  28.43176  -0.35456  27.54854  -1.85211  26.18469  -3.40484  24.49066
-0.09159  26.98461  2.43341  29.15091  2.62488  29.23738  2.32296  29.11796  2.22180  29.02160  2.21665  28.93005  2.04549  28.85269  1.96325  28.77795  1.90131  28.70941  1.96528  28.71148  1.93463  28.76903  1.99712  28.80512  2.06283  28.93073  2.17188  28.98568  2.07209  28.87749  1.60040  28.43810  0.61422  27.55272  -0.87330  26.18620  -2.43103  24.49167
0.83354  26.97394  3.43188  29.14878  3.59992  29.23912  3.30569  29.12409  3.19001  29.02071  3.18635  28.92605  3.01081  28.85371  2.94635  28.77655  2.86321  28.70881  2.93455  28.71425  2.90627  28.76917  2.96047  28.80597  3.02547  28.93337  3.14388  28.98848  3.04909  28.88159  2.58128  28.44418  1.59016  27.55876  0.10508  26.19018  -1.45978  24.49392
1.81825  26.95925  4.38595  29.14795  4.60265  29.23775  4.25662  29.11962  4.19048  29.01988  4.15338  28.92688  3.98303  28.85433  3.91564  28.77544  3.82794  28.70984  3.91020  28.71460  3.87294  28.77064  3.93342  28.80772  3.99345  28.93305  4.11599  28.99129  4.03096  28.88716  3.56777  28.44877  2.57157  27.56627  1.08687  26.19597  -0.47851  24.49659
2.79701  26.94131  5.37834  29.14444  5.57468  29.23538  5.27532  29.12222  5.17689  29.02069  5.12493  28.92603  4.95459  28.85449  4.88881  28.77701  4.80814  28.71124  4.88662  28.71422  4.85281  28.77271  4.91033  28.80773  4.97941  28.93581  5.10071  28.99431  5.01621  28.89121  4.55392  28.45722  3.56018  27.57138  2.07584  26.19864  0.50532  24.50022
3.74130  26.91620  6.37025  29.13775  6.56079  29.23489  6.25235  29.12055  6.16770  29.01850  6.10427  28.92627  5.92904  28.85324  5.87240  28.77620  5.79012  28.71102  5.86737  28.71557  5.83118  28.77228  5.89487  28.80937  5.95964  28.93684  6.08548  28.99718  6.00219  28.89599  5.54720  28.46470  4.55590  27.58140  3.06581  26.20521  1.49584  24.50494
4.69518  26.87858  7.34134  29.13004  7.54705  29.23025  7.25092  29.12012  7.15623  29.01603  7.08388  28.92378  6.91938  28.84898  6.85347  28.77437  6.77416  28.70976  6.85365  28.71375  6.81605  28.77305  6.87877  28.81157  6.94887  28.93827  7.07782  29.00252  6.99548  28.90068  6.54343  28.47603  5.55430  27.59320  4.06341  26.21211  2.48805  24.50915
5.62260  26.82740  8.31919  29.11779  8.53810  29.22530  8.24170  29.11960  8.15519  29.01569  8.08028  28.92288  7.90619  28.84919  7.84276  28.77196  7.76368  28.70838  7.83728  28.71318  7.79938  28.77478  7.86854  28.81064  7.93623  28.94043  8.06760  29.00490  7.98963  28.90613  7.54420  28.48750  6.55646  27.60476  5.06112  26.21912  3.48006  24.51376
6.54696  26.75116  9.29341  29.09651  9.52176  29.21936  9.23776  29.11396  9.14652  29.01352  9.06402  28.91882  8.89107  28.84467  8.83304  28.76854  8.74886  28.70596  8.82315  28.71215  8.78858  28.77308  8.85909  28.81159  8.92416  28.93986  9.05907  29.00637  8.98506  28.91206  8.54873  28.49803  7.56128  27.61828  6.06007  26.22727  4.47897  24.51807
7.42790  26.63670  10.26430  29.07000  10.50960  29.20700  10.23390  29.11030  10.13710  29.00610  10.05070  28.91370  9.87692  28.83932  9.81741  28.76441  9.73718  28.70188  9.81190  28.70780  9.77567  28.77027  9.84804  28.80874  9.91615  28.93945  10.05310  29.00800  9.98336  28.91666  9.55291  28.50931  8.56964  27.63094  7.06519  26.23639  5.47807  24.52377
8.25337  26.46767  11.22620  29.03240  11.48850  29.18740  11.22310  29.10170  11.12900  28.99980  11.03530  28.90570  10.86490  28.83170  10.80230  28.75620  10.72460  28.69590  10.79780  28.70390  10.76400  28.76670  10.83860  28.80560  10.90360  28.93600  11.04380  29.00570  10.97840  28.91840  10.55890  28.51770  9.57542  27.64412  8.07357  26.24487  6.48221  24.52921
8.99028  26.21868  12.16870  28.97770  12.46150  29.16280  12.20530  29.08820  12.11540  28.98820  12.01890  28.89740  11.84950  28.82200  11.78570  28.74580  11.70720  28.68770  11.78170  28.69590  11.74910  28.76000  11.82260  28.79760  11.88280  28.92770  12.02350  28.99840  11.96140  28.91460  11.55370  28.52180  10.57370  27.65440  9.06911  26.25511  7.47052  24.53682
9.63745  25.88155  13.08850  28.90220  13.42230  29.12760  13.18410  29.07150  13.09240  28.97270  12.99290  28.88300  12.82790  28.80870  12.76300  28.73340  12.68750  28.67660  12.76000  28.68570  12.72540  28.74880  12.79880  28.78690  12.85810  28.91600  12.99850  28.98510  12.94370  28.90760  12.53770  28.51600  11.57030  27.66030  10.06540  26.26610  8.46272  24.54552
10.21360  25.46630  13.97130  28.79090  14.36960  29.07690  14.15250  29.04700  14.06470  28.95130  13.96370  28.86410  13.80170  28.79010  13.73700  28.71530  13.66460  28.66020  13.73630  28.66710  13.69740  28.73200  13.76680  28.76670  13.82670  28.89450  13.96560  28.96100  13.91730  28.88760  13.50370  28.49130  12.55980  27.65430  11.06620  26.27840  9.46170  24.55680
10.74260  25.00060  14.79730  28.62440  15.29150  28.99910  15.11080  29.00720  15.02780  28.91730  14.92710  28.83600  14.76790  28.76240  14.70320  28.68820  14.63520  28.63350  14.70180  28.63700  14.65280  28.69670  14.72190  28.72830  14.78180  28.85510  14.91110  28.90990  14.86570  28.83950  14.40540  28.39700  13.51090  27.60560  12.07110  26.28770  10.46740  24.56830
11.24060  24.49730  15.52510  28.36640  16.16590  28.87300  16.04380  28.94350  15.96700  28.86210  15.87400  28.78930  15.70300  28.70280  15.64630  28.63460  15.57570  28.57450  15.61630  28.55080  15.53220  28.58060  15.61200  28.62070  15.68720  28.76090  15.76640  28.76510  15.72270  28.69400  15.16310  28.15440  14.34410  27.43320  13.06990  26.28510  11.47680  24.57700
11.72860  23.98230  16.12100  27.98530  16.92600  28.63520  16.91820  28.82190  16.85820  28.75870  16.77750  28.69600  16.55210  28.55260  16.51290  28.50360  16.41320  28.41270  16.39240  28.32490  16.23660  28.28930  16.32080  28.32970  16.43090  28.50070  16.42780  28.42140  16.39530  28.35900  15.74890  27.73580  14.99570  27.07200  14.05060  26.25600  12.49210  24.58330
12.22820  23.47610  16.59180  27.48770  17.49550  28.20250  17.66420  28.56700  17.62900  28.54330  17.56690  28.48630  17.28030  28.27910  17.25010  28.24230  17.09580  28.10370  17.01850  27.96110  16.80490  27.86260  16.85310  27.85720  16.95820  28.02220  16.91550  27.89730  16.90720  27.86720  16.18950  27.19230  15.47070  26.55760  14.95060  26.13850  13.50220  24.57630
12.74360  22.98480  16.92520  26.85443  17.83370  27.54336  18.19540  28.10697  18.18080  28.12041  18.16870  28.08970  17.83780  27.84900  17.81580  27.83020  17.64690  27.67110  17.57210  27.53161  17.35620  27.41440  17.34150  27.35070  17.38270  27.46550  17.32550  27.32750  17.33610  27.31282  16.56700  26.58890  15.85380  25.95040  15.66710  25.85960  14.44850  24.53660
13.27840  22.51087  17.11220  26.07795  17.99330  26.71549  18.46770  27.38313  18.46980  27.44082  18.51950  27.46265  18.19380  27.22464  18.19970  27.23392  18.05660  27.08872  18.04600  27.01897  17.89190  26.98068  17.84260  26.86800  17.82540  26.93313  17.74880  26.76471  17.75680  26.74296  16.96860  26.00208  16.23070  25.32675  16.21220  25.40854  15.30180  24.40099
13.83590  22.05860  17.19180  25.19221  18.02360  25.76843  18.50040  26.41728  18.52480  26.54221  18.60990  26.57526  18.34760  26.39620  18.41360  26.46353  18.34060  26.37079  18.37430  26.36136  18.32080  26.44229  18.25520  26.28914  18.22860  26.35928  18.11620  26.14098  18.15290  26.13858  17.45340  25.49021  16.69070  24.77900  16.65630  24.84465  15.99550  24.09448
14.41580  21.62854  17.19390  24.22881  17.88720  24.66417  18.33670  25.25721  18.37420  25.45118  18.42780  25.42154  18.30830  25.36933  18.44450  25.50525  18.48390  25.49883  18.58290  25.58212  18.60220  25.76020  18.54650  25.57860  18.51970  25.67293  18.36770  25.39648  18.45890  25.43405  17.93380  24.96596  17.25580  24.33052  17.10670  24.28111  16.53300  23.62378
15.00950  21.20969  17.13870  23.20186  17.49870  23.30841  17.92420  23.84960  18.04370  24.18155  18.08100  24.09997  18.07130  24.14064  18.24850  24.31882  18.45540  24.42806  18.67620  24.68889  18.77560  24.96919  18.74850  24.77037  18.73130  24.90585  18.56210  24.58838  18.71120  24.66890  18.27120  24.28928  17.77940  23.83116  17.62870  23.78978  17.01310  23.08956
15.59360  20.79122  16.96770  22.06415  16.86070  21.70584  17.20970  22.14047  17.53040  22.71939  17.63500  22.67456  17.65920  22.73367  17.81790  22.89768  18.25190  23.15353  18.63100  23.66254  18.85770  24.08405  18.86570  23.87239  18.86970  24.06081  18.71150  23.72900  18.93630  23.86936  18.51610  23.51316  18.14230  23.15999  18.11490  23.26253  17.53840  22.60407
16.15310  20.34445  16.52380  20.65821  15.96370  19.82947  16.25200  20.18630  16.80310  21.03736  17.07520  21.12750  17.04860  21.12254  17.27660  21.36354  17.94930  21.77163  18.43360  22.49706  18.84490  23.10198  18.89060  22.87708  18.93690  23.14643  18.81660  22.82580  19.13900  23.04626  18.69870  22.66984  18.37720  22.36417  18.46630  22.59573  18.01450  22.06610
16.59410  19.77558  15.82510  18.99574  14.91740  17.79699  15.31170  18.25624  15.84180  19.11008  16.43180  19.50212  16.35850  19.42979  16.71220  19.80932  17.64510  20.40870  18.12200  21.22203  18.73440  22.01771  18.82370  21.79187  18.93120  22.15753  18.86750  21.86692  19.31740  22.19673  18.82840  21.76728  18.52500  21.47837  18.73050  21.83578  18.33830  21.37484
16.70530  18.86787  15.02980  17.22998  13.92410  15.81523  14.55220  16.50264  14.84030  17.13061  15.77730  17.85987  15.76550  17.83379  15.99710  18.10197  17.34560  19.07451  17.77670  19.90539  18.53370  20.83711  18.67220  20.62123  18.86630  21.11086  18.85900  20.84831  19.45380  21.30453  18.91410  20.82254  18.69680  20.58866  18.93540  21.03963  18.57310  20.60385
16.38720  17.51635  3.19537  4.46585  13.01710  13.91276  13.91120  14.86606  14.06820  15.36892  15.21990  16.31146  15.34060  16.40536  15.25710  16.36737  17.00080  17.70152  17.48060  18.62583  18.25130  19.57008  18.44450  19.38124  18.75650  20.01998  18.79700  19.77728  19.50540  20.33211  18.94420  19.82601  18.76200  19.62217  19.07710  20.18589  18.76360  19.80015
2.44591  2.35492  -0.75371  -0.48134  12.15220  12.05148  13.29810  13.25554  13.51680  13.82342  14.81170  14.91210  15.02760  15.08674  14.65070  14.76408  16.62040  16.29532  17.20480  17.35977  17.91570  18.24619  18.15840  18.08983  18.60270  18.88536  18.69310  18.67047  19.40610  19.21666  18.92300  18.78506  18.77130  18.60851  19.20300  19.30396  18.92350  18.97444