T31_Chip Verification
L004X¡¢L024X¡¢L026X_MML004X_V2-40_-VD=5V&ID=65mA_2025-09-01 15.37.08_-40.0deg_Psat.txt 
Saturation Power vs. Frequency_Frequency(GHz)_Psat(dBm)
Psat
1.00000  17.30130
1.50000  17.43950
2.00000  18.29720
2.50000  18.81370
3.00000  18.80640
3.50000  18.91620
4.00000  18.70940
4.50000  18.80290
5.00000  18.77180
5.50000  18.95560
6.00000  19.18460
6.50000  19.14950
7.00000  19.15790
7.50000  19.04750
8.00000  19.67090
8.50000  19.15950
9.00000  18.98230
9.50000  19.49790
10.00000  19.35850