T31_Chip Verification
L004X¡¢L024X¡¢L026X_MML004X_V2-40_-VD=5V&ID=65mA_2025-09-01 15.37.08_-40.0deg_Gain vs. Pout.txt 
Gain vs. Pout_Pout(dBm)_Gain(dB)
1.0GHz  1.5GHz  2.0GHz  2.5GHz  3.0GHz  3.5GHz  4.0GHz  4.5GHz  5.0GHz  5.5GHz  6.0GHz  6.5GHz  7.0GHz  7.5GHz  8.0GHz  8.5GHz  9.0GHz  9.5GHz  10.0GHz
-2.99630  28.14930  0.19009  30.25179  0.38609  30.27319  0.18098  30.11208  0.06548  29.97458  0.15732  29.84862  -0.06354  29.75246  -0.13308  29.65462  -0.23247  29.56873  -0.14713  29.55837  -0.13515  29.61105  -0.08189  29.64831  0.03723  29.80353  0.16329  29.90449  0.10399  29.85829  -0.27994  29.50516  -1.19433  28.68877  -2.63973  27.34297  -4.17760  25.65670
-1.00628  28.14322  1.53968  30.24988  1.60955  30.27055  1.34620  30.10630  1.13179  29.97569  1.18377  29.84537  0.96884  29.75134  0.89435  29.65345  0.76105  29.57145  0.83496  29.56356  0.85517  29.61277  0.89494  29.65064  1.00795  29.80525  1.13855  29.90705  1.07843  29.86263  0.70173  29.51283  -0.20712  28.69578  -1.65000  27.34970  -3.19812  25.66368
0.01196  28.13016  2.54801  30.24741  2.64169  30.26989  2.27927  30.10737  2.17494  29.98144  2.14742  29.85012  1.93892  29.75132  1.85402  29.65692  1.74844  29.57594  1.82121  29.56471  1.81885  29.61345  1.85425  29.65475  1.97306  29.80996  2.10891  29.91231  2.05901  29.86801  1.67311  29.51891  0.76558  28.70459  -0.67374  27.35626  -2.22491  25.66549
0.97987  28.11747  3.52040  30.24680  3.61114  30.27394  3.26613  30.10863  3.14977  29.97467  3.11230  29.85070  2.91298  29.75438  2.82655  29.65585  2.71629  29.57739  2.79735  29.56715  2.78830  29.61670  2.82213  29.65523  2.94718  29.81148  3.08109  29.91689  3.02618  29.87648  2.64822  29.52322  1.74018  28.71288  0.30977  27.36167  -1.24681  25.66999
1.99893  28.09663  4.48404  30.24304  4.62702  30.27412  4.25819  30.10819  4.13378  29.97558  4.08468  29.85198  3.88604  29.75394  3.80086  29.65976  3.69003  29.57863  3.76451  29.56741  3.75422  29.62012  3.79173  29.65973  3.91736  29.81686  4.05459  29.92069  4.01296  29.88206  3.63351  29.53741  2.72181  28.72331  1.29564  27.37044  -0.27291  25.67949
2.91719  28.06849  5.46607  30.23867  5.57324  30.27214  5.24891  30.10961  5.11870  29.97820  5.05393  29.85233  4.85188  29.75608  4.77716  29.65946  4.65543  29.58073  4.75054  29.57304  4.73322  29.62052  4.76748  29.66318  4.89750  29.82080  5.03394  29.92804  5.00111  29.89351  4.62692  29.54782  3.70910  28.73800  2.28221  27.38061  0.71017  25.68487
3.85085  28.03155  6.45897  30.23067  6.56576  30.26786  6.23124  30.10834  6.12034  29.97744  6.03077  29.85147  5.83455  29.75605  5.75187  29.65847  5.63200  29.58010  5.72565  29.57415  5.70870  29.62680  5.74858  29.66748  5.87916  29.82516  6.02057  29.93407  5.98798  29.89708  5.61933  29.56023  4.70960  28.75190  3.27676  27.38946  1.69809  25.69299
4.79613  27.97733  7.42660  30.21830  7.55548  30.26538  7.21770  30.11130  7.10816  29.97786  7.01578  29.85318  6.81827  29.75927  6.73622  29.66282  6.62584  29.58384  6.70834  29.57564  6.69182  29.62902  6.73437  29.67197  6.86670  29.83010  7.01275  29.94305  6.98494  29.91204  6.62349  29.57829  5.71186  28.76876  4.27979  27.40429  2.69377  25.70157
5.70942  27.90092  8.41291  30.20491  8.54915  30.25975  8.22213  30.11003  8.10773  29.97963  7.99957  29.85247  7.80739  29.75819  7.72758  29.66278  7.61258  29.58518  7.69646  29.57916  7.67980  29.63250  7.72557  29.67507  7.86353  29.83863  8.01072  29.95312  7.98480  29.92320  7.62444  29.59524  6.71677  28.78627  5.28062  27.41892  3.69127  25.71237
6.58961  27.79641  9.37785  30.17875  9.53757  30.25307  9.21568  30.10958  9.10336  29.97856  8.99328  29.85258  8.79815  29.75945  8.71692  29.66412  8.60351  29.58711  8.68585  29.58215  8.67124  29.63794  8.71911  29.68031  8.85305  29.84405  9.00481  29.95911  8.98538  29.93578  8.63209  29.61219  7.72758  28.80668  6.28753  27.43393  4.69475  25.72675
7.44105  27.65455  10.33660  30.14010  10.51920  30.23840  10.21000  30.10240  10.09950  29.97450  9.97903  29.85103  9.78880  29.75770  9.70745  29.66315  9.59255  29.58845  9.67452  29.58412  9.66199  29.64059  9.71038  29.68438  9.84462  29.84782  9.99833  29.96413  9.98533  29.94523  9.63741  29.62481  8.73870  28.82770  7.29889  27.45369  5.70027  25.74137
8.24231  27.46091  11.28030  30.08450  11.49490  30.21580  11.19660  30.08940  11.08950  29.96620  10.96480  29.84500  10.77580  29.75330  10.69180  29.66020  10.58100  29.58630  10.66510  29.58190  10.64860  29.63840  10.70450  29.68430  10.83720  29.84800  10.99300  29.96690  10.98320  29.94960  10.63980  29.63350  9.74728  28.84098  8.30978  27.47098  6.70849  25.75639
8.97315  27.20365  12.20390  30.01090  12.46120  30.18170  12.18170  30.07770  12.07740  29.95600  11.94870  29.83620  11.76060  29.74530  11.67830  29.65210  11.56810  29.58020  11.65050  29.57460  11.63490  29.63410  11.69030  29.67850  11.82470  29.84350  11.97950  29.96190  11.97390  29.94910  11.63570  29.63490  10.74430  28.84750  9.32119  27.48409  7.71897  25.76977
9.61403  26.85963  13.10400  29.91320  13.41480  30.13590  13.15510  30.05560  13.05520  29.93850  12.92580  29.82070  12.73900  29.73070  12.65900  29.63900  12.54900  29.56930  12.62880  29.56520  12.61640  29.62360  12.66950  29.66640  12.79600  29.82910  12.95020  29.94550  12.94720  29.93680  12.61010  29.62010  11.72300  28.84100  10.31510  27.49400  8.70761  25.77921
10.18000  26.43930  13.97410  29.78750  14.34640  30.07040  14.11970  30.02600  14.02680  29.91520  13.89540  29.80330  13.71300  29.71310  13.62940  29.62100  13.52170  29.55230  13.60090  29.54750  13.58620  29.60610  13.63560  29.64750  13.76010  29.80600  13.91030  29.91970  13.91060  29.91180  13.56110  29.58360  12.69130  28.82040  11.30470  27.50160  9.70140  25.79170
10.68910  25.95630  14.80090  29.62030  15.25690  29.98330  15.06970  29.98330  14.98690  29.88260  14.85740  29.77570  14.67880  29.68690  14.59420  29.59500  14.49030  29.52760  14.56710  29.52060  14.54250  29.57420  14.59070  29.61400  14.71100  29.76920  14.84930  29.86850  14.85080  29.85960  14.44420  29.47740  13.61020  28.74620  12.28650  27.49600  10.69380  25.79870
11.16120  25.43180  15.55240  29.38260  16.13240  29.85570  16.00250  29.91950  15.93190  29.83270  15.80750  29.73640  15.62580  29.64370  15.54650  29.55570  15.44300  29.48610  15.50230  29.46150  15.44840  29.49160  15.50400  29.53700  15.62470  29.69010  15.72340  29.74860  15.71460  29.73020  15.19280  29.23390  14.40840  28.54860  13.26230  27.47880  11.68790  25.80200
11.61590  24.88540  16.16800  29.01730  16.92080  29.64160  16.89140  29.81480  16.84510  29.75210  16.73310  29.66770  16.50800  29.53170  16.44720  29.46140  16.32550  29.37330  16.32960  29.29100  16.20650  29.25930  16.27330  29.31200  16.40920  29.47690  16.41770  29.44530  16.40160  29.41710  15.77430  28.81890  15.03190  28.16780  14.20880  27.42740  12.67930  25.79590
12.08290  24.34800  16.65070  28.52870  17.54320  29.26380  17.67290  29.59810  17.66500  29.58050  17.57410  29.51480  17.28740  29.31460  17.23890  29.25940  17.06560  29.11680  16.99850  28.95690  16.78700  28.84970  16.82770  28.87090  16.95960  29.02850  16.90320  28.92820  16.90960  28.92050  16.20640  28.24910  15.49180  27.61360  15.06920  27.28110  13.66530  25.77500
12.56330  23.82320  17.02900  27.94110  17.97000  28.68860  18.28180  29.20870  18.29410  29.22900  18.26200  29.20580  17.94050  28.96820  17.89940  28.92550  17.66690  28.72860  17.56480  28.53650  17.30420  28.37560  17.27210  28.31470  17.34510  28.41430  17.27570  28.29280  17.31000  28.31910  16.53830  27.59880  15.83140  26.96090  15.76130  26.95640  14.61630  25.71250
13.06770  23.32290  17.27980  27.22909  18.20610  27.92996  18.66780  28.60428  18.65930  28.62723  18.71010  28.65954  18.40310  28.44560  18.37690  28.42840  18.12040  28.19810  18.09630  28.08770  17.87360  27.94820  17.76520  27.81680  17.73040  27.82280  17.63740  27.67870  17.67160  27.70080  16.84060  26.92170  16.12450  26.26250  16.26560  26.46310  15.42930  25.54180
13.60080  22.84847  17.40520  26.39314  18.29720  27.03921  18.81370  27.75530  18.80640  27.81624  18.91620  27.89303  18.64770  27.71325  18.69100  27.76600  18.46710  27.55046  18.51940  27.52952  18.44180  27.55009  18.30940  27.37971  18.20450  27.32613  18.07340  27.13289  18.05190  27.09412  17.20340  26.29948  16.44160  25.58089  16.65090  25.85015  16.07590  25.20012
14.16390  22.40446  17.43950  25.46506  18.27680  26.04618  18.75770  26.70471  18.75980  26.82697  18.86040  26.86722  18.70940  26.79755  18.80290  26.89805  18.70340  26.78229  18.78780  26.81871  18.81450  26.96461  18.68870  26.76854  18.58690  26.73737  18.40900  26.48153  18.39850  26.44297  17.72320  25.82608  16.90560  25.04169  17.00010  25.19270  16.55740  24.68192
14.75470  21.98836  17.41470  24.47624  18.05860  24.86521  18.49050  25.44586  18.52960  25.66347  18.59230  25.63291  18.58920  25.69430  18.73300  25.84467  18.77180  25.83336  18.93070  25.98171  19.03280  26.22934  18.92970  26.01068  18.85370  26.03509  18.63030  25.71043  18.67270  25.70897  18.24800  25.34980  17.54880  24.67611  17.43360  24.61566  16.94960  24.06778
15.36750  21.59113  17.34180  23.43483  17.56590  23.40981  17.95550  23.91873  18.12680  24.32344  18.21200  24.28099  18.26970  24.39029  18.42240  24.55062  18.66240  24.67858  18.95560  25.02956  19.15370  25.39420  19.08310  25.15748  19.02940  25.24215  18.80570  24.88650  18.91260  24.93601  18.57390  24.66392  18.10730  24.21399  17.99860  24.17193  17.41070  23.51968
15.98220  21.20681  17.13120  22.25980  16.80290  21.68186  17.05700  22.02824  17.52730  22.77592  17.68810  22.77918  17.71050  22.84190  17.89610  23.04020  18.39200  23.33709  18.83010  23.93090  19.18460  24.46553  19.14950  24.21183  19.12790  24.36695  18.92670  24.00189  19.13590  24.13765  18.79430  23.86476  18.44370  23.51672  18.47370  23.63696  18.00040  23.10450
16.59780  20.81941  16.56120  20.73366  15.77960  19.68114  16.00080  19.97717  16.63470  20.93073  17.01850  21.12363  16.95610  21.08985  17.30280  21.45825  18.04380  21.91299  18.55450  22.69466  19.11190  23.43051  19.12150  23.16712  19.15790  23.42261  19.01000  23.07873  19.34600  23.32215  18.96010  23.00464  18.64370  22.68732  18.79910  22.95097  18.45880  22.55538
17.11070  20.32706  15.78090  18.99566  14.69680  17.61871  15.12700  18.11762  15.48310  18.81539  16.28080  19.40620  16.22490  19.35841  16.63350  19.80408  17.71190  20.53456  18.19480  21.37579  18.94410  22.29515  18.99940  22.02871  19.12210  22.41059  19.04750  22.10956  19.52970  22.47749  19.07040  22.08240  18.74490  21.78420  19.03970  22.17680  18.73340  21.82210
17.30130  19.50428  14.98900  17.23873  13.80260  15.74256  14.48940  16.48943  14.49390  16.84945  15.61180  17.75141  15.67900  17.81427  15.77590  17.95804  17.35120  19.14530  17.82750  20.03641  18.68620  21.06253  18.79220  20.80662  19.02710  21.33989  19.02690  21.08181  19.66530  21.58242  19.14010  21.12409  18.85980  20.85717  19.19110  21.37075  18.93670  21.02635
16.92510  18.09656  1.11018  2.43701  12.99270  13.94136  13.93260  14.94284  13.86010  15.23083  15.12660  16.27845  15.32490  16.45909  15.00300  16.19281  16.94670  17.71189  17.51970  18.74247  18.35220  19.74726  18.51200  19.51827  18.88930  20.22525  18.95530  20.00393  19.67090  20.56239  19.15950  20.11637  18.98230  19.89557  19.30240  20.50760  19.11460  20.21587
0.62382  0.55587  -2.17098  -1.84271  12.18320  12.13845  13.37820  13.39505  13.40070  13.78259  14.80960  14.97386  15.08420  15.21464  14.47660  14.67166  16.55180  16.28767  17.21920  17.45341  17.97920  18.38737  18.18710  18.19090  18.70230  19.06149  18.83880  18.88713  19.47000  19.34520  19.11950  19.05639  18.96740  18.85515  19.41080  19.59270  19.22240  19.34394
-1.50348  -2.59121  -4.14390  -4.82831  -2.30226  -3.20045  12.86410  11.88712  3.87160  3.31531  14.59790  13.77925  14.91130  14.03540  14.22050  13.41720  16.23000  14.93344  16.93190  16.18278  17.70620  17.12116  17.88790  16.89968  18.48010  17.86480  18.70610  17.75941  19.10340  17.97352  19.04600  17.96945  18.91120  17.78391  19.49790  18.67887  19.35850  18.50672