T31_Chip Verification
L004X¡¢L024X¡¢L026X_MML004X_V2-25_-VD=3.5V&ID=55mA_2025-09-01 14.58.34_25.0deg_PxdB vs. Frequency.txt 
PxdB vs. Frequency_Frequency(GHz)_PxdB(dBm)
P1dB  P3dB  P5dB
1.00000  8.00115  1.00000  10.37882  1.00000  12.81985
1.50000  14.40048  1.50000  15.98221  1.50000  16.09450
2.00000  16.15023  2.00000  16.87871  2.00000  16.50597
2.50000  16.84142  2.50000  17.19760  2.50000  16.73098
3.00000  16.83668  3.00000  17.17969  3.00000  16.72865
3.50000  16.89801  3.50000  17.29842  3.50000  16.83411
4.00000  16.47673  4.00000  17.12800  4.00000  16.85276
4.50000  16.48834  4.50000  17.23336  4.50000  16.97599
5.00000  16.33362  5.00000  17.16595  5.00000  17.14908
5.50000  16.19939  5.50000  17.23238  5.50000  17.41429
6.00000  15.91577  6.00000  17.27977  6.00000  17.61795
6.50000  15.89358  6.50000  17.09892  6.50000  17.57635
7.00000  16.01881  7.00000  17.06811  7.00000  17.57101
7.50000  15.85694  7.50000  16.83300  7.50000  17.25950
8.00000  15.89679  8.00000  16.97114  8.00000  17.49836
8.50000  15.20466  8.50000  16.43028  8.50000  17.21498
9.00000  14.76640  9.00000  16.02004  9.00000  17.07974
9.50000  15.56615  9.50000  16.84827  9.50000  17.56724
10.00000  15.72751  10.00000  16.94725  10.00000  17.50756