T31_Chip Verification
L004X¡¢L024X¡¢L026X_MML004X_V2-40_-VD=5V&ID=65mA_2025-09-01 15.37.08_-40.0deg_PxdB vs. Frequency.txt 
PxdB vs. Frequency_Frequency(GHz)_PxdB(dBm)
P1dB  P3dB  P5dB
1.00000  9.07652  1.00000  11.39588  1.00000  13.25686
1.50000  15.77084  1.50000  17.27171  1.50000  17.43390
2.00000  17.52312  2.00000  18.27369  2.00000  18.13603
2.50000  18.34406  2.50000  18.77938  2.50000  18.36969
3.00000  18.44725  3.00000  18.76732  3.00000  18.32170
3.50000  18.55110  3.50000  18.86040  3.50000  18.37148
4.00000  18.13449  4.00000  18.70552  4.00000  18.36246
4.50000  18.16125  4.50000  18.78712  4.50000  18.44244
5.00000  17.79856  5.00000  18.71885  5.00000  18.63623
5.50000  17.52826  5.50000  18.83390  5.50000  18.90297
6.00000  17.05394  6.00000  18.92013  6.00000  19.17962
6.50000  16.99973  6.50000  18.72757  6.50000  19.11951
7.00000  17.09639  7.00000  18.54989  7.00000  19.08024
7.50000  16.91522  7.50000  18.19248  7.50000  18.80004
8.00000  16.94835  8.00000  18.17489  8.00000  18.93421
8.50000  16.01126  8.50000  17.08637  8.50000  18.61656
9.00000  15.43246  9.00000  16.39045  9.00000  18.35689
9.50000  16.34017  9.50000  17.77989  9.50000  18.98537
10.00000  16.57005  10.00000  18.37008  10.00000  19.01704