T31_Chip Verification
L004X¡¢L024X¡¢L026X_MML004X_V2-40_-VD=3V&ID=42mA_2025-09-01 15.38.55_-40.0deg_Gain vs. Pout.txt 
Gain vs. Pout_Pout(dBm)_Gain(dB)
1.0GHz  1.5GHz  2.0GHz  2.5GHz  3.0GHz  3.5GHz  4.0GHz  4.5GHz  5.0GHz  5.5GHz  6.0GHz  6.5GHz  7.0GHz  7.5GHz  8.0GHz  8.5GHz  9.0GHz  9.5GHz  10.0GHz
-4.24267  26.87653  -1.07180  29.07440  -0.65109  29.13161  -0.95668  29.00112  -1.10321  28.89769  -0.89952  28.79578  -1.07169  28.71881  -1.16338  28.62982  -1.24617  28.54873  -1.16491  28.52659  -1.22663  28.55777  -1.19330  28.55720  -1.13868  28.65272  -1.05563  28.69037  -1.14737  28.58853  -1.55732  28.21318  -2.45304  27.41536  -3.87999  26.12541  -5.34108  24.51502
-2.34051  26.83169  0.29756  29.05436  0.50816  29.12196  0.11955  28.99845  0.03475  28.89835  0.12537  28.80027  -0.06080  28.71800  -0.14508  28.63042  -0.24376  28.54834  -0.17933  28.52878  -0.22995  28.55305  -0.21343  28.55607  -0.17299  28.65491  -0.07601  28.69069  -0.17613  28.58967  -0.58017  28.21113  -1.48553  27.42167  -2.89374  26.12916  -4.36628  24.51952
-1.38661  26.79699  1.35252  29.04152  1.51319  29.11349  1.18944  28.99874  1.05568  28.89668  1.07796  28.79826  0.89435  28.71665  0.81166  28.62586  0.73579  28.54559  0.77522  28.52942  0.73314  28.55794  0.74967  28.55617  0.78256  28.65516  0.88154  28.69654  0.79606  28.59766  0.39913  28.22523  -0.50230  27.43010  -1.90793  26.14027  -3.38561  24.52609
-0.41442  26.75078  2.31422  29.01972  2.46722  29.09802  2.15674  28.98484  2.01577  28.88797  2.04733  28.78923  1.86015  28.71245  1.78505  28.62805  1.70477  28.54597  1.74292  28.53042  1.69292  28.55852  1.71821  28.56351  1.75505  28.65875  1.85629  28.70089  1.76738  28.60248  1.35739  28.22779  0.47376  27.43986  -0.93578  26.14012  -2.41749  24.52321
0.51071  26.69701  3.21548  28.99468  3.43950  29.08760  3.12038  28.97738  3.01809  28.88609  3.02014  28.79214  2.83194  28.70904  2.75450  28.62480  2.67155  28.54725  2.72716  28.52816  2.66061  28.55811  2.68449  28.56029  2.72867  28.65877  2.82785  28.69975  2.74438  28.60368  2.35144  28.23384  1.45457  27.44467  0.04585  26.14655  -1.43949  24.52831
1.43797  26.63767  4.18891  28.97141  4.40890  29.07230  4.11267  28.97407  3.99933  28.87663  3.97899  28.78289  3.80314  28.70594  3.71963  28.61853  3.64101  28.54181  3.69307  28.52527  3.63127  28.55767  3.65729  28.55629  3.69881  28.65881  3.80606  28.70276  3.73236  28.61316  3.34236  28.24726  2.44199  27.45749  1.03544  26.15794  -0.45688  24.53912
2.36461  26.55531  5.13204  28.93444  5.35992  29.04922  5.06062  28.95542  4.98362  28.86692  4.94683  28.77603  4.77378  28.70178  4.69618  28.61468  4.61821  28.53891  4.67148  28.52458  4.60465  28.55715  4.63125  28.55975  4.67865  28.66255  4.78786  28.70666  4.71471  28.61731  4.32567  28.25397  3.43410  27.46850  2.02640  26.16620  0.53065  24.54455
3.24300  26.45420  6.08641  28.88861  6.33482  29.02092  6.04850  28.94090  5.96514  28.85484  5.92360  28.76720  5.75670  28.69610  5.67638  28.61098  5.59441  28.53621  5.65014  28.52274  5.58214  28.55554  5.62301  28.55981  5.65839  28.66089  5.77215  28.70725  5.70575  28.61995  5.32791  28.26451  4.43841  27.48441  3.02291  26.17661  1.52581  24.55441
4.09729  26.32739  7.02769  28.83639  7.29462  28.98932  7.03414  28.91934  6.94391  28.83871  6.89925  28.75695  6.72895  28.68725  6.65057  28.60217  6.57908  28.52868  6.62682  28.51712  6.56605  28.55145  6.60151  28.55701  6.64229  28.65729  6.75520  28.70540  6.69776  28.62336  6.32093  28.27583  5.43725  27.49725  4.02308  26.18718  2.52045  24.56265
4.92658  26.16738  7.95089  28.77099  8.24871  28.94431  7.99667  28.89347  7.92115  28.82115  7.87137  28.73747  7.71131  28.67501  7.63248  28.59238  7.55994  28.52194  7.60671  28.51171  7.54956  28.54946  7.58746  28.55256  7.62624  28.65534  7.74470  28.70580  7.68945  28.62615  7.32334  28.28534  6.44275  27.51265  5.02738  26.19958  3.52083  24.57253
5.68711  25.93931  8.85900  28.68470  9.19687  28.89057  8.96608  28.85908  8.89010  28.79000  8.84407  28.71857  8.68359  28.65809  8.61097  28.58017  8.54101  28.51411  8.58765  28.50405  8.53062  28.54202  8.57235  28.54735  8.61069  28.65129  8.73005  28.70125  8.68028  28.62628  8.32091  28.29361  7.44762  27.52602  6.03274  26.21334  4.51930  24.58040
6.37177  25.63037  9.76259  28.58639  10.13090  28.82540  9.92532  28.81972  9.85604  28.75904  9.80621  28.69371  9.65554  28.63854  9.58147  28.56147  9.51609  28.49739  9.56487  28.49027  9.50851  28.53101  9.55139  28.53399  9.58562  28.63562  9.70483  28.68543  9.66770  28.62010  9.31401  28.29221  8.44697  27.53087  7.03782  26.22442  5.52761  24.59441
6.97632  25.23722  10.62810  28.46000  11.04620  28.74420  10.87670  28.76640  10.81080  28.71380  10.76420  28.65750  10.61980  28.60630  10.54840  28.53310  10.48690  28.47530  10.53560  28.46970  10.48080  28.51480  10.52480  28.51460  10.55390  28.61230  10.67610  28.66280  10.63840  28.59990  10.29540  28.27810  9.43981  27.53041  8.04870  26.23710  6.53524  24.60514
7.51271  24.77661  11.45050  28.29150  11.94500  28.64060  11.79770  28.69600  11.74570  28.65430  11.71200  28.61210  11.57220  28.56790  11.50360  28.49570  11.44840  28.44370  11.49700  28.44230  11.44730  28.48780  11.48790  28.48640  11.50470  28.57910  11.62250  28.62500  11.59070  28.56620  11.24620  28.23900  10.40700  27.51170  9.03971  26.24421  7.53027  24.62077
8.00792  24.27332  12.20430  28.05750  12.81000  28.50740  12.70620  28.60770  12.66180  28.57850  12.63310  28.54750  12.51190  28.51630  12.44280  28.44730  12.39390  28.39900  12.43960  28.39420  12.38520  28.44020  12.42100  28.43440  12.43450  28.52200  12.54060  28.55620  12.51620  28.50300  12.14380  28.14920  11.33300  27.44890  10.02220  26.24220  8.52195  24.63175
8.49461  23.75461  12.87330  27.74450  13.61720  28.31600  13.58000  28.48590  13.54060  28.46710  13.53030  28.45570  13.41490  28.42960  13.35120  28.36450  13.31120  28.32440  13.34890  28.31260  13.28330  28.35240  13.31670  28.34220  13.32360  28.42310  13.40330  28.42880  13.38110  28.37620  12.96180  27.97980  12.18930  27.31390  10.99580  26.22850  9.51433  24.63853
8.99265  23.24565  13.46840  27.36240  14.32650  28.02610  14.38510  28.29610  14.35100  28.28930  14.36620  28.30360  14.23030  28.25290  14.17870  28.20150  14.14340  28.16150  14.16020  28.12980  14.07380  28.15670  14.10900  28.14400  14.11880  28.22650  14.15580  28.18720  14.12900  28.12880  13.66720  27.69200  12.94010  27.06780  11.93210  26.17120  10.49630  24.62820
9.50922  22.75342  13.99760  26.91760  14.90210  27.60640  15.06380  27.97800  15.02910  27.98390  15.06500  28.01160  14.88030  27.90910  14.83110  27.86090  14.80930  27.82980  14.81450  27.78630  14.70240  27.79780  14.73040  27.77000  14.75710  27.86990  14.73470  27.76890  14.71900  27.71650  14.23480  27.26350  13.56280  26.68520  12.80530  26.04430  11.45990  24.59390
10.05240  22.28690  14.43290  26.38100  15.32690  27.04130  15.56430  27.48080  15.49810  27.47480  15.55970  27.51510  15.33690  27.37100  15.27650  27.31590  15.24080  27.25980  15.27840  27.25070  15.18260  27.29130  15.15850  27.20150  15.18120  27.29880  15.11980  27.15210  15.14790  27.13790  14.67130  26.69770  14.04780  26.15480  13.57100  25.80150  12.37710  24.50450
10.63070  21.85790  14.74940  25.73150  15.56700  26.29340  15.82440  26.74080  15.72500  26.73390  15.84890  26.81220  15.62140  26.65740  15.60360  26.65030  15.49640  26.52060  15.56910  26.55790  15.55090  26.67450  15.46360  26.50290  15.45310  26.57460  15.34380  26.36920  15.43700  26.42140  14.99520  26.03620  14.41610  25.53010  14.21270  25.42460  13.21410  24.32670
11.23900  21.46020  14.95380  24.96810  15.55290  25.29733  15.84930  25.77485  15.78610  25.83660  15.95980  25.93191  15.77670  25.82980  15.82720  25.90080  15.67500  25.71380  15.76290  25.77690  15.82270  25.95970  15.68480  25.73060  15.64140  25.79090  15.47470  25.52510  15.63060  25.62869  15.24730  25.30740  14.71860  24.83970  14.70070  24.91360  13.91770  24.04550
11.88320  21.09739  15.01030  24.06025  15.29530  24.06610  15.65710  24.58921  15.70620  24.80594  15.92180  24.92348  15.84440  24.92126  15.94470  25.04172  15.80710  24.85277  15.92100  24.95537  16.01910  25.19882  15.87940  24.94333  15.80450  24.98658  15.58600  24.65519  15.79440  24.80100  15.44320  24.51499  14.98630  24.10484  15.06930  24.28376  14.48560  23.62555
12.54880  20.75735  14.87470  22.96097  14.82510  22.62402  15.26060  23.20046  15.44150  23.59805  15.71110  23.74370  15.76760  23.86541  15.93720  24.05479  15.86160  23.90237  16.03910  24.09362  16.17250  24.39318  16.06160  24.13645  15.97380  24.18453  15.68970  23.77118  15.93690  23.94475  15.60550  23.67985  15.22780  23.33326  15.35230  23.55943  14.91560  23.05830
13.23520  20.43785  14.51470  21.64027  14.19730  21.02055  14.66570  21.61399  15.01570  22.22199  15.35410  22.41494  15.48710  22.59902  15.75720  22.88930  15.79720  22.81165  16.09390  23.16638  16.27220  23.53076  16.21910  23.29527  16.14200  23.37870  15.80530  22.89283  16.06680  23.06835  15.75590  22.82652  15.45950  22.54262  15.56780  22.76143  15.23760  22.37676
13.92150  20.11604  13.99830  20.16043  13.46820  19.30711  13.92600  19.88082  14.48200  20.72843  14.89720  20.97822  14.97770  21.09951  15.37710  21.52202  15.60290  21.56423  16.03010  22.12578  16.32060  22.61466  16.32120  22.39178  16.27870  22.53919  15.93100  22.01813  16.20130  22.19243  15.91580  21.97553  15.68460  21.73821  15.76460  21.94461  15.48880  21.62165
14.51790  19.71207  13.41190  18.61044  12.69320  17.55489  13.12890  18.08821  13.84250  19.11845  14.35150  19.44660  14.34690  19.47108  14.82510  19.97772  15.35060  20.25214  15.82280  20.94500  16.29060  21.61611  16.34910  21.40767  16.36560  21.64503  16.05850  21.14004  16.35410  21.32732  16.07750  21.11929  15.88540  20.90397  15.96400  21.13395  15.71000  20.84047
14.82970  19.01590  12.83700  17.07224  11.94290  15.83199  12.48750  16.45116  13.08690  17.39197  13.76630  17.86938  13.74870  17.86850  14.11410  18.27072  15.08890  18.95139  15.52220  19.67688  16.16700  20.52284  16.27770  20.32022  16.37820  20.67694  16.17350  20.24854  16.53250  20.48348  16.22890  20.24921  16.22990  20.27584  16.16430  20.32494  15.91630  20.04331
14.64650  17.81316  12.28550  15.55314  11.22890  14.14455  11.95010  14.92666  12.38420  15.71324  13.25920  16.37922  13.28500  16.39891  13.35330  16.51786  14.79630  17.62521  15.21070  18.39009  15.95460  19.33566  16.11550  19.14307  16.31230  19.62934  16.23370  19.30211  16.71960  19.64523  16.32430  19.31648  16.33770  19.34308  16.36730  19.51408  16.12270  19.24271
-0.85530  1.08441  11.82180  14.11472  10.58050  12.51782  11.45990  13.44603  11.85110  14.19910  12.89070  15.02577  12.97270  15.08076  12.72390  14.89205  14.50680  16.29659  14.91570  17.10897  15.65150  18.04913  15.85780  17.87102  16.17260  18.50597  16.21370  18.27509  16.83690  18.73587  16.39060  18.35581  16.34540  18.28966  16.69970  18.91009  16.31220  18.43354
-2.85183  -1.92894  -4.03825  -2.69049  -1.60842  -0.50321  11.04580  12.04063  11.44410  12.80759  12.64870  13.79839  12.78350  13.88134  12.37310  13.53949  14.27720  15.01980  14.67020  15.87974  15.34580  16.75147  15.58410  16.58995  16.00140  17.35065  16.15090  17.20578  16.83350  17.71106  16.42980  17.37056  16.35140  17.23247  16.79910  18.00828  16.60110  17.73166
-3.98611  -4.07637  -5.64804  -5.30245  -3.68863  -3.56292  10.70000  10.70005  8.21656  8.62508  12.51020  12.67808  12.67770  12.76614  12.25100  12.41636  14.08390  13.77491  14.49090  14.72025  15.11670  15.52638  15.36040  15.36366  15.79630  16.15966  16.05800  16.11266  16.63620  16.50193  16.41380  16.33632  16.35930  16.22509  16.85350  17.03786  16.75460  16.90081
-4.79468  -5.89558  -6.85334  -7.52156  -5.36248  -6.23652  10.39520  9.40142  1.19344  0.65036  12.43470  11.62802  12.62440  11.70417  12.21860  11.38508  13.85790  12.49697  14.38920  13.64519  14.97570  14.38808  15.26500  14.27277  15.57200  14.95160  15.95050  15.00953  16.30520  15.16915  16.35940  15.27034  16.32130  15.18630  16.92520  16.12166  16.87680  16.04859