T31_Chip Verification
L004X¡¢L024X¡¢L026X_MML004X_V2-40_-VD=3V&ID=42mA_2025-09-01 15.38.55_-40.0deg_OIP3 vs. Frequency.txt 
OIP3 vs. Frequency_Frequency(GHz)_OIP3(dBm)
OIP3
1.00000  15.20111
1.50000  21.50776
2.00000  23.70494
2.50000  25.44246
3.00000  26.33528
3.50000  26.82913
4.00000  27.27096
4.50000  27.43912
5.00000  28.20375
5.50000  28.47412
6.00000  28.40082
6.50000  28.01378
7.00000  28.04210
7.50000  28.01565
8.00000  28.31197
8.50000  28.42775
9.00000  28.46831
9.50000  32.09463
10.00000  31.81620