T31_Chip Verification
L004X¡¢L024X¡¢L026X_MML004X_V2-40_-VD=3V&ID=42mA_2025-09-01 15.38.55_-40.0deg_PxdB vs. Frequency.txt 
PxdB vs. Frequency_Frequency(GHz)_PxdB(dBm)
P1dB  P3dB  P5dB
1.00000  5.81962  1.00000  8.38471  1.00000  10.61205
1.50000  12.15567  1.50000  14.58605  1.50000  15.01030
2.00000  14.07481  2.00000  15.56473  2.00000  15.31192
2.50000  15.02001  2.50000  15.84368  2.50000  15.49083
3.00000  15.10475  3.00000  15.78216  3.00000  15.50981
3.50000  15.27245  3.50000  15.95490  3.50000  15.71790
4.00000  15.04232  4.00000  15.78544  4.00000  15.73141
4.50000  15.01788  4.50000  15.86510  4.50000  15.87333
5.00000  15.01809  5.00000  15.70057  5.00000  15.84083
5.50000  15.03897  5.50000  15.80880  5.50000  16.07269
6.00000  14.93475  6.00000  15.92407  6.00000  16.26898
6.50000  14.89612  6.50000  15.72874  6.50000  16.16829
7.00000  14.92127  7.00000  15.66771  7.00000  16.08232
7.50000  14.78439  7.50000  15.44936  7.50000  15.70089
8.00000  14.81585  8.00000  15.64117  8.00000  15.99137
8.50000  14.27704  8.50000  15.27258  8.50000  15.68798
9.00000  13.81312  9.00000  14.87404  9.00000  15.49581
9.50000  14.49605  9.50000  15.47048  9.50000  15.96400
10.00000  14.56883  10.00000  15.51734  10.00000  16.04946