T31_Chip Verification
L004X¡¢L024X¡¢L026X_MML004X_V2-40_-VD=5V&ID=65mA_2025-09-01 15.37.08_-40.0deg_OIP3 vs. Frequency.txt 
OIP3 vs. Frequency_Frequency(GHz)_OIP3(dBm)
OIP3
1.00000  20.92958
1.50000  27.54353
2.00000  29.56291
2.50000  30.62615
3.00000  30.69519
3.50000  29.93283
4.00000  29.53513
4.50000  29.73299
5.00000  29.93917
5.50000  29.37457
6.00000  28.85079
6.50000  28.79905
7.00000  28.80761
7.50000  28.47350
8.00000  28.26225
8.50000  27.52790
9.00000  26.98363
9.50000  27.80501
10.00000  28.36590