T31_Chip Verification
L004X¡¢L024X¡¢L026X_MML004X_V2-40_-VD=5V&ID=65mA_2025-09-01 15.37.08_-40.0deg_Pout vs. Pin.txt 
Pout vs. Pin_Pin(dBm)_Pout(dBm)
1.0GHz  1.5GHz  2.0GHz  2.5GHz  3.0GHz  3.5GHz  4.0GHz  4.5GHz  5.0GHz  5.5GHz  6.0GHz  6.5GHz  7.0GHz  7.5GHz  8.0GHz  8.5GHz  9.0GHz  9.5GHz  10.0GHz
-31.14560  -2.99630  -30.06170  0.19009  -29.88710  0.38609  -29.93110  0.18098  -29.90910  0.06548  -29.69130  0.15732  -29.81600  -0.06354  -29.78770  -0.13308  -29.80120  -0.23247  -29.70550  -0.14713  -29.74620  -0.13515  -29.73020  -0.08189  -29.76630  0.03723  -29.74120  0.16329  -29.75430  0.10399  -29.78510  -0.27994  -29.88310  -1.19433  -29.98270  -2.63973  -29.83430  -4.17760
-29.14950  -1.00628  -28.71020  1.53968  -28.66100  1.60955  -28.76010  1.34620  -28.84390  1.13179  -28.66160  1.18377  -28.78250  0.96884  -28.75910  0.89435  -28.81040  0.76105  -28.72860  0.83496  -28.75760  0.85517  -28.75570  0.89494  -28.79730  1.00795  -28.76850  1.13855  -28.78420  1.07843  -28.81110  0.70173  -28.90290  -0.20712  -28.99970  -1.65000  -28.86180  -3.19812
-28.11820  0.01196  -27.69940  2.54801  -27.62820  2.64169  -27.82810  2.27927  -27.80650  2.17494  -27.70270  2.14742  -27.81240  1.93892  -27.80290  1.85402  -27.82750  1.74844  -27.74350  1.82121  -27.79460  1.81885  -27.80050  1.85425  -27.83690  1.97306  -27.80340  2.10891  -27.80900  2.05901  -27.84580  1.67311  -27.93900  0.76558  -28.03000  -0.67374  -27.89040  -2.22491
-27.13760  0.97987  -26.72640  3.52040  -26.66280  3.61114  -26.84250  3.26613  -26.82490  3.14977  -26.73840  3.11230  -26.84140  2.91298  -26.82930  2.82655  -26.86110  2.71629  -26.76980  2.79735  -26.82840  2.78830  -26.83310  2.82213  -26.86430  2.94718  -26.83580  3.08109  -26.85030  3.02618  -26.87500  2.64822  -26.97270  1.74018  -27.05190  0.30977  -26.91680  -1.24681
-26.09770  1.99893  -25.75900  4.48404  -25.64710  4.62702  -25.85000  4.25819  -25.84180  4.13378  -25.76730  4.08468  -25.86790  3.88604  -25.85890  3.80086  -25.88860  3.69003  -25.80290  3.76451  -25.86590  3.75422  -25.86800  3.79173  -25.89950  3.91736  -25.86610  4.05459  -25.86910  4.01296  -25.90390  3.63351  -26.00150  2.72181  -26.07480  1.29564  -25.95240  -0.27291
-25.15130  2.91719  -24.77260  5.46607  -24.69890  5.57324  -24.86070  5.24891  -24.85950  5.11870  -24.79840  5.05393  -24.90420  4.85188  -24.88230  4.77716  -24.92530  4.65543  -24.82250  4.75054  -24.88730  4.73322  -24.89570  4.76748  -24.92330  4.89750  -24.89410  5.03394  -24.89240  5.00111  -24.92090  4.62692  -25.02890  3.70910  -25.09840  2.28221  -24.97470  0.71017
-24.18070  3.85085  -23.77170  6.45897  -23.70210  6.56576  -23.87710  6.23124  -23.85710  6.12034  -23.82070  6.03077  -23.92150  5.83455  -23.90660  5.75187  -23.94810  5.63200  -23.84850  5.72565  -23.91810  5.70870  -23.91890  5.74858  -23.94600  5.87916  -23.91350  6.02057  -23.90910  5.98798  -23.94090  5.61933  -24.04230  4.70960  -24.11270  3.27676  -23.99490  1.69809
-23.18120  4.79613  -22.79170  7.42660  -22.70990  7.55548  -22.89360  7.21770  -22.86970  7.10816  -22.83740  7.01578  -22.94100  6.81827  -22.92660  6.73622  -22.95800  6.62584  -22.86730  6.70834  -22.93720  6.69182  -22.93760  6.73437  -22.96340  6.86670  -22.93030  7.01275  -22.92710  6.98494  -22.95480  6.62349  -23.05690  5.71186  -23.12450  4.27979  -23.00780  2.69377
-22.19150  5.70942  -21.79200  8.41291  -21.71060  8.54915  -21.88790  8.22213  -21.87190  8.10773  -21.85290  7.99957  -21.95080  7.80739  -21.93520  7.72758  -21.97260  7.61258  -21.88270  7.69646  -21.95270  7.67980  -21.94950  7.72557  -21.97510  7.86353  -21.94240  8.01072  -21.93840  7.98480  -21.97080  7.62444  -22.06950  6.71677  -22.13830  5.28062  -22.02110  3.69127
-21.20680  6.58961  -20.80090  9.37785  -20.71550  9.53757  -20.89390  9.21568  -20.87520  9.10336  -20.85930  8.99328  -20.96130  8.79815  -20.94720  8.71692  -20.98360  8.60351  -20.89630  8.68585  -20.96670  8.67124  -20.96120  8.71911  -20.99100  8.85305  -20.95430  9.00481  -20.95040  8.98538  -20.98010  8.63209  -21.07910  7.72758  -21.14640  6.28753  -21.03200  4.69475
-20.21350  7.44105  -19.80350  10.33660  -19.71920  10.51920  -19.89240  10.21000  -19.87500  10.09950  -19.87200  9.97903  -19.96890  9.78880  -19.95570  9.70745  -19.99590  9.59255  -19.90960  9.67452  -19.97860  9.66199  -19.97400  9.71038  -20.00320  9.84462  -19.96580  9.99833  -19.95990  9.98533  -19.98740  9.63741  -20.08900  8.73870  -20.15480  7.29889  -20.04110  5.70027
-19.21860  8.24231  -18.80420  11.28030  -18.72090  11.49490  -18.89280  11.19660  -18.87670  11.08950  -18.88020  10.96480  -18.97750  10.77580  -18.96840  10.69180  -19.00530  10.58100  -18.91680  10.66510  -18.98980  10.64860  -18.97980  10.70450  -19.01080  10.83720  -18.97390  10.99300  -18.96640  10.98320  -18.99370  10.63980  -19.09370  9.74728  -19.16120  8.30978  -19.04790  6.70849
-18.23050  8.97315  -17.80700  12.20390  -17.72050  12.46120  -17.89600  12.18170  -17.87860  12.07740  -17.88750  11.94870  -17.98470  11.76060  -17.97380  11.67830  -18.01210  11.56810  -17.92410  11.65050  -17.99920  11.63490  -17.98820  11.69030  -18.01880  11.82470  -17.98240  11.97950  -17.97520  11.97390  -17.99920  11.63570  -18.10320  10.74430  -18.16290  9.32119  -18.05080  7.71897
-17.24560  9.61403  -16.80920  13.10400  -16.72110  13.41480  -16.90050  13.15510  -16.88330  13.05520  -16.89490  12.92580  -16.99170  12.73900  -16.98000  12.65900  -17.02030  12.54900  -16.93640  12.62880  -17.00720  12.61640  -16.99690  12.66950  -17.03310  12.79600  -16.99530  12.95020  -16.98960  12.94720  -17.01000  12.61010  -17.11800  11.72300  -17.17890  10.31510  -17.07160  8.70761
-16.25930  10.18000  -15.81340  13.97410  -15.72400  14.34640  -15.90630  14.11970  -15.88840  14.02680  -15.90790  13.89540  -16.00010  13.71300  -15.99160  13.62940  -16.03060  13.52170  -15.94660  13.60090  -16.01990  13.58620  -16.01190  13.63560  -16.04590  13.76010  -16.00940  13.91030  -16.00120  13.91060  -16.02250  13.56110  -16.12910  12.69130  -16.19690  11.30470  -16.09030  9.70140
-15.26720  10.68910  -14.81940  14.80090  -14.72640  15.25690  -14.91360  15.06970  -14.89570  14.98690  -14.91830  14.85740  -15.00810  14.67880  -15.00080  14.59420  -15.03730  14.49030  -14.95350  14.56710  -15.03170  14.54250  -15.02330  14.59070  -15.05820  14.71100  -15.01920  14.84930  -15.00880  14.85080  -15.03320  14.44420  -15.13600  13.61020  -15.20950  12.28650  -15.10490  10.69380
-14.27060  11.16120  -13.83020  15.55240  -13.72330  16.13240  -13.91700  16.00250  -13.90080  15.93190  -13.92890  15.80750  -14.01790  15.62580  -14.00920  15.54650  -14.04310  15.44300  -13.95920  15.50230  -14.04320  15.44840  -14.03300  15.50400  -14.06540  15.62470  -14.02520  15.72340  -14.01560  15.71460  -14.04110  15.19280  -14.14020  14.40840  -14.21650  13.26230  -14.11410  11.68790
-13.26950  11.61590  -12.84930  16.16800  -12.72080  16.92080  -12.92340  16.89140  -12.90700  16.84510  -12.93460  16.73310  -13.02370  16.50800  -13.01420  16.44720  -13.04780  16.32550  -12.96140  16.32960  -13.05280  16.20650  -13.03870  16.27330  -13.06770  16.40920  -13.02760  16.41770  -13.01550  16.40160  -13.04460  15.77430  -13.13590  15.03190  -13.21860  14.20880  -13.11660  12.67930
-12.26510  12.08290  -11.87800  16.65070  -11.72060  17.54320  -11.92520  17.67290  -11.91550  17.66500  -11.94070  17.57410  -12.02720  17.28740  -12.02050  17.23890  -12.05120  17.06560  -11.95840  16.99850  -12.06270  16.78700  -12.04320  16.82770  -12.06890  16.95960  -12.02500  16.90320  -12.01090  16.90960  -12.04270  16.20640  -12.12180  15.49180  -12.21190  15.06920  -12.10970  13.66530
-11.25990  12.56330  -10.91210  17.02900  -10.71860  17.97000  -10.92690  18.28180  -10.93490  18.29410  -10.94380  18.26200  -11.02770  17.94050  -11.02610  17.89940  -11.06170  17.66690  -10.97170  17.56480  -11.07140  17.30420  -11.04260  17.27210  -11.06920  17.34510  -11.01710  17.27570  -11.00910  17.31000  -11.06050  16.53830  -11.12950  15.83140  -11.19510  15.76130  -11.09620  14.61630
-10.25520  13.06770  -9.94929  17.27980  -9.72386  18.20610  -9.93648  18.66780  -9.96793  18.65930  -9.94944  18.71010  -10.04250  18.40310  -10.05150  18.37690  -10.07770  18.12040  -9.99140  18.09630  -10.07460  17.87360  -10.05160  17.76520  -10.09240  17.73040  -10.04130  17.63740  -10.02920  17.67160  -10.08110  16.84060  -10.13800  16.12450  -10.19750  16.26560  -10.11250  15.42930
-9.24767  13.60080  -8.98794  17.40520  -8.74201  18.29720  -8.94160  18.81370  -9.00984  18.80640  -8.97683  18.91620  -9.06555  18.64770  -9.07500  18.69100  -9.08336  18.46710  -9.01012  18.51940  -9.10829  18.44180  -9.07031  18.30940  -9.12163  18.20450  -9.05949  18.07340  -9.04222  18.05190  -9.09608  17.20340  -9.13929  16.44160  -9.19925  16.65090  -9.12422  16.07590
-8.24056  14.16390  -8.02556  17.43950  -7.76938  18.27680  -7.94701  18.75770  -8.06717  18.75980  -8.00682  18.86040  -8.08815  18.70940  -8.09515  18.80290  -8.07889  18.70340  -8.03091  18.78780  -8.15011  18.81450  -8.07984  18.68870  -8.15047  18.58690  -8.07253  18.40900  -8.04447  18.39850  -8.10288  17.72320  -8.13609  16.90560  -8.19260  17.00010  -8.12452  16.55740
-7.23366  14.75470  -7.06154  17.41470  -6.80661  18.05860  -6.95536  18.49050  -7.13387  18.52960  -7.04061  18.59230  -7.10510  18.58920  -7.11167  18.73300  -7.06156  18.77180  -7.05101  18.93070  -7.19654  19.03280  -7.08098  18.92970  -7.18139  18.85370  -7.08013  18.63030  -7.03627  18.67270  -7.10180  18.24800  -7.12731  17.54880  -7.18206  17.43360  -7.11818  16.94960
-6.22363  15.36750  -6.09303  17.34180  -5.84391  17.56590  -5.96323  17.95550  -6.19664  18.12680  -6.06899  18.21200  -6.12059  18.26970  -6.12822  18.42240  -6.01618  18.66240  -6.07396  18.95560  -6.24050  19.15370  -6.07438  19.08310  -6.21275  19.02940  -6.08080  18.80570  -6.02341  18.91260  -6.09002  18.57390  -6.10669  18.10730  -6.17333  17.99860  -6.10898  17.41070
-5.22461  15.98220  -5.12860  17.13120  -4.87896  16.80290  -4.97124  17.05700  -5.24862  17.52730  -5.09108  17.68810  -5.13140  17.71050  -5.14410  17.89610  -4.94509  18.39200  -5.10080  18.83010  -5.28093  19.18460  -5.06233  19.14950  -5.23905  19.12790  -5.07519  18.92670  -5.00175  19.13590  -5.07046  18.79430  -5.07302  18.44370  -5.16326  18.47370  -5.10410  18.00040
-4.22161  16.59780  -4.17246  16.56120  -3.90154  15.77960  -3.97637  16.00080  -4.29603  16.63470  -4.10513  17.01850  -4.13375  16.95610  -4.15545  17.30280  -3.86919  18.04380  -4.14016  18.55450  -4.31861  19.11190  -4.04562  19.12150  -4.26471  19.15790  -4.06873  19.01000  -3.97615  19.34600  -4.04454  18.96010  -4.04362  18.64370  -4.15187  18.79910  -4.09658  18.45880
-3.21636  17.11070  -3.21476  15.78090  -2.92191  14.69680  -2.99062  15.12700  -3.33229  15.48310  -3.12540  16.28080  -3.13351  16.22490  -3.17058  16.63350  -2.82266  17.71190  -3.18099  18.19480  -3.35105  18.94410  -3.02931  18.99940  -3.28849  19.12210  -3.06206  19.04750  -2.94779  19.52970  -3.01200  19.07040  -3.03930  18.74490  -3.13710  19.03970  -3.08870  18.73340
-2.20298  17.30130  -2.24973  14.98900  -1.93996  13.80260  -2.00003  14.48940  -2.35555  14.49390  -2.13961  15.61180  -2.13527  15.67900  -2.18214  15.77590  -1.79410  17.35120  -2.20891  17.82750  -2.37633  18.68620  -2.01442  18.79220  -2.31279  19.02710  -2.05491  19.02690  -1.91712  19.66530  -1.98399  19.14010  -1.99737  18.85980  -2.17965  19.19110  -2.08965  18.93670
-1.17146  16.92510  -1.32683  1.11018  -0.94866  12.99270  -1.01024  13.93260  -1.37073  13.86010  -1.15185  15.12660  -1.13419  15.32490  -1.18981  15.00300  -0.76519  16.94670  -1.22277  17.51970  -1.39506  18.35220  -1.00627  18.51200  -1.33595  18.88930  -1.04863  18.95530  -0.89150  19.67090  -0.95687  19.15950  -0.91327  18.98230  -1.20520  19.30240  -1.10127  19.11460
0.06795  0.62382  -0.32827  -2.17098  0.04475  12.18320  -0.01685  13.37820  -0.38189  13.40070  -0.16426  14.80960  -0.13044  15.08420  -0.19506  14.47660  0.26413  16.55180  -0.23421  17.21920  -0.40817  17.97920  -0.00380  18.18710  -0.35919  18.70230  -0.04833  18.83880  0.12480  19.47000  0.06311  19.11950  0.11225  18.96740  -0.18190  19.41080  -0.12154  19.22240
1.08773  -1.50348  0.68441  -4.14390  0.89819  -2.30226  0.97698  12.86410  0.55629  3.87160  0.81864  14.59790  0.87590  14.91130  0.80330  14.22050  1.29656  16.23000  0.74911  16.93190  0.58504  17.70620  0.98821  17.88790  0.61530  18.48010  0.94669  18.70610  1.12988  19.10340  1.07655  19.04600  1.12729  18.91120  0.81903  19.49790  0.85178  19.35850