T31_Chip Verification
L004X¡¢L024X¡¢L026X_MML004X_V2-40_-VD=5V&ID=92mA_2025-09-01 15.36.17_-40.0deg_OIP3 vs. Frequency.txt 
OIP3 vs. Frequency_Frequency(GHz)_OIP3(dBm)
OIP3
1.00000  26.76547
1.50000  30.83159
2.00000  31.94161
2.50000  32.51554
3.00000  32.09101
3.50000  31.17764
4.00000  30.55360
4.50000  30.56497
5.00000  30.89336
5.50000  30.54247
6.00000  30.22276
6.50000  29.83185
7.00000  29.83069
7.50000  29.62762
8.00000  29.48722
8.50000  29.25194
9.00000  29.22904
9.50000  29.83696
10.00000  30.08631