T31_Chip Verification
L004X¡¢L024X¡¢L026X_MML004X_V2-40_-VD=5V&ID=92mA_2025-09-01 15.36.17_-40.0deg_PxdB vs. Frequency.txt 
PxdB vs. Frequency_Frequency(GHz)_PxdB(dBm)
P1dB  P3dB  P5dB
1.00000  11.96847  1.00000  13.97155  1.00000  15.58863
1.50000  18.77450  1.50000  19.17916  1.50000  19.22509
2.00000  19.85515  2.00000  19.97323  2.00000  19.97616
2.50000  20.61498  2.50000  20.69940  2.50000  20.30889
3.00000  20.73197  3.00000  20.82245  3.00000  20.31759
3.50000  20.78570  3.50000  20.78018  3.50000  20.27620
4.00000  20.31894  4.00000  20.60573  4.00000  20.09819
4.50000  20.32717  4.50000  20.71028  4.50000  20.17583
5.00000  19.37888  5.00000  20.78640  5.00000  20.52935
5.50000  18.16469  5.50000  20.93260  5.50000  20.81940
6.00000  17.53643  6.00000  20.99502  6.00000  21.12095
6.50000  17.57940  6.50000  20.90350  6.50000  21.15499
7.00000  17.73875  7.00000  20.77765  7.00000  21.17230
7.50000  17.51114  7.50000  20.46237  7.50000  21.01583
8.00000  17.57799  8.00000  20.21750  8.00000  21.24093
8.50000  16.44726  8.50000  17.49950  8.50000  20.59060
9.00000  15.80024  9.00000  16.73157  9.00000  20.22712
9.50000  16.86005  9.50000  19.29645  9.50000  21.02487
10.00000  17.14040  10.00000  20.49264  10.00000  21.04592