T31_Chip Verification
L004X¡¢L024X¡¢L026X_MML004X_V2-25_-VD=4V&ID=67mA_2025-09-01 15.00.12_25.0deg_Pout vs. Pin.txt 
Pout vs. Pin_Pin(dBm)_Pout(dBm)
1.0GHz  1.5GHz  2.0GHz  2.5GHz  3.0GHz  3.5GHz  4.0GHz  4.5GHz  5.0GHz  5.5GHz  6.0GHz  6.5GHz  7.0GHz  7.5GHz  8.0GHz  8.5GHz  9.0GHz  9.5GHz  10.0GHz
-30.85520  -3.86295  -29.98680  -0.83841  -29.76940  -0.53373  -29.94170  -0.82483  -29.92330  -0.90505  -29.63330  -0.70791  -29.73340  -0.87908  -29.72110  -0.94949  -29.74470  -1.03538  -29.62690  -0.91692  -29.71410  -0.94608  -29.69280  -0.89139  -29.75760  -0.82976  -29.70250  -0.71706  -29.70870  -0.83727  -29.72370  -1.29648  -29.83280  -2.29234  -29.98020  -3.80276  -29.81680  -5.33521
-29.06400  -2.07319  -28.63900  0.50825  -28.60790  0.62979  -28.74490  0.38172  -28.75120  0.26305  -28.60710  0.32145  -28.73620  0.11768  -28.73450  0.04170  -28.73380  -0.02574  -28.65970  0.05074  -28.74780  0.02025  -28.73210  0.07129  -28.79570  0.13067  -28.74000  0.23820  -28.74030  0.13184  -28.76220  -0.33376  -28.87590  -1.33545  -29.01350  -2.83099  -28.85890  -4.37106
-28.06830  -1.07722  -27.69020  1.46403  -27.60660  1.63169  -27.76340  1.35711  -27.78590  1.23446  -27.65760  1.26814  -27.77560  1.07674  -27.76960  1.00873  -27.78260  0.92942  -27.71200  0.99942  -27.78800  0.97931  -27.76020  1.04406  -27.83550  1.09203  -27.77730  1.20612  -27.77270  1.10444  -27.80390  0.62786  -27.90310  -0.35456  -28.03680  -1.85211  -27.89550  -3.40484
-27.07620  -0.09159  -26.71750  2.43341  -26.61250  2.62488  -26.79500  2.32296  -26.79980  2.22180  -26.71340  2.21665  -26.80720  2.04549  -26.81470  1.96325  -26.80810  1.90131  -26.74620  1.96528  -26.83440  1.93463  -26.80800  1.99712  -26.86790  2.06283  -26.81380  2.17188  -26.80540  2.07209  -26.83770  1.60040  -26.93850  0.61422  -27.05950  -0.87330  -26.92270  -2.43103
-26.14040  0.83354  -25.71690  3.43188  -25.63920  3.59992  -25.81840  3.30569  -25.83070  3.19001  -25.73970  3.18635  -25.84290  3.01081  -25.83020  2.94635  -25.84560  2.86321  -25.77970  2.93455  -25.86290  2.90627  -25.84550  2.96047  -25.90790  3.02547  -25.84460  3.14388  -25.83250  3.04909  -25.86290  2.58128  -25.96860  1.59016  -26.08510  0.10508  -25.95370  -1.45978
-25.14100  1.81825  -24.76200  4.38595  -24.63510  4.60265  -24.86300  4.25662  -24.82940  4.19048  -24.77350  4.15338  -24.87130  3.98303  -24.85980  3.91564  -24.88190  3.82794  -24.80440  3.91020  -24.89770  3.87294  -24.87430  3.93342  -24.93960  3.99345  -24.87530  4.11599  -24.85620  4.03096  -24.88100  3.56777  -24.99470  2.57157  -25.10910  1.08687  -24.97510  -0.47851
-24.14430  2.79701  -23.76610  5.37834  -23.66070  5.57468  -23.84690  5.27532  -23.84380  5.17689  -23.80110  5.12493  -23.89990  4.95459  -23.88820  4.88881  -23.90310  4.80814  -23.82760  4.88662  -23.91990  4.85281  -23.89740  4.91033  -23.95640  4.97941  -23.89360  5.10071  -23.87500  5.01621  -23.90330  4.55392  -24.01120  3.56018  -24.12280  2.07584  -23.99490  0.50532
-23.17490  3.74130  -22.76750  6.37025  -22.67410  6.56079  -22.86820  6.25235  -22.85080  6.16770  -22.82200  6.10427  -22.92420  5.92904  -22.90380  5.87240  -22.92090  5.79012  -22.84820  5.86737  -22.94110  5.83118  -22.91450  5.89487  -22.97720  5.95964  -22.91170  6.08548  -22.89380  6.00219  -22.91750  5.54720  -23.02550  4.55590  -23.13940  3.06581  -23.00910  1.49584
-22.18340  4.69518  -21.78870  7.34134  -21.68320  7.54705  -21.86920  7.25092  -21.85980  7.15623  -21.83990  7.08388  -21.92960  6.91938  -21.92090  6.85347  -21.93560  6.77416  -21.86010  6.85365  -21.95700  6.81605  -21.93280  6.87877  -21.98940  6.94887  -21.92470  7.07782  -21.90520  6.99548  -21.93260  6.54343  -22.03890  5.55430  -22.14870  4.06341  -22.02110  2.48805
-21.20480  5.62260  -20.79860  8.31919  -20.68720  8.53810  -20.87790  8.24170  -20.86050  8.15519  -20.84260  8.08028  -20.94300  7.90619  -20.92920  7.84276  -20.94470  7.76368  -20.87590  7.83728  -20.97540  7.79938  -20.94210  7.86854  -21.00420  7.93623  -20.93730  8.06760  -20.91650  7.98963  -20.94330  7.54420  -21.04830  6.55646  -21.15800  5.06112  -21.03370  3.48006
-20.20420  6.54696  -19.80310  9.29341  -19.69760  9.52176  -19.87620  9.23776  -19.86700  9.14652  -19.85480  9.06402  -19.95360  8.89107  -19.93550  8.83304  -19.95710  8.74886  -19.88900  8.82315  -19.98450  8.78858  -19.95250  8.85909  -20.01570  8.92416  -19.94730  9.05907  -19.92700  8.98506  -19.94930  8.54873  -20.05700  7.56128  -20.16720  6.06007  -20.03910  4.47897
-19.20880  7.42790  -18.80570  10.26430  -18.69740  10.50960  -18.87640  10.23390  -18.86900  10.13710  -18.86300  10.05070  -18.96240  9.87692  -18.94700  9.81741  -18.96470  9.73718  -18.89590  9.81190  -18.99460  9.77567  -18.96070  9.84804  -19.02330  9.91615  -18.95490  10.05310  -18.93330  9.98336  -18.95640  9.55291  -19.06130  8.56964  -19.17120  7.06519  -19.04570  5.47807
-18.21430  8.25337  -17.80620  11.22620  -17.69890  11.48850  -17.87860  11.22310  -17.87080  11.12900  -17.87040  11.03530  -17.96680  10.86490  -17.95390  10.80230  -17.97130  10.72460  -17.90610  10.79780  -18.00270  10.76400  -17.96700  10.83860  -18.03240  10.90360  -17.96190  11.04380  -17.94000  10.97840  -17.95880  10.55890  -18.06870  9.57542  -18.17130  8.07357  -18.04700  6.48221
-17.22840  8.99028  -16.80900  12.16870  -16.70130  12.46150  -16.88290  12.20530  -16.87280  12.11540  -16.87850  12.01890  -16.97250  11.84950  -16.96010  11.78570  -16.98050  11.70720  -16.91420  11.78170  -17.01090  11.74910  -16.97500  11.82260  -17.04490  11.88280  -16.97490  12.02350  -16.95320  11.96140  -16.96810  11.55370  -17.08070  10.57370  -17.18600  9.06911  -17.06630  7.47052
-16.24410  9.63745  -15.81370  13.08850  -15.70530  13.42230  -15.88740  13.18410  -15.88030  13.09240  -15.89010  12.99290  -15.98080  12.82790  -15.97040  12.76300  -15.98910  12.68750  -15.92570  12.76000  -16.02340  12.72540  -15.98810  12.79880  -16.05790  12.85810  -15.98660  12.99850  -15.96390  12.94370  -15.97830  12.53770  -16.09000  11.57030  -16.20070  10.06540  -16.08280  8.46272
-15.25270  10.21360  -14.81960  13.97130  -14.70730  14.36960  -14.89450  14.15250  -14.88660  14.06470  -14.90040  13.96370  -14.98840  13.80170  -14.97830  13.73700  -14.99560  13.66460  -14.93080  13.73630  -15.03460  13.69740  -14.99990  13.76680  -15.06780  13.82670  -14.99540  13.96560  -14.97030  13.91730  -14.98760  13.50370  -15.09450  12.55980  -15.21220  11.06620  -15.09510  9.46170
-14.25800  10.74260  -13.82710  14.79730  -13.70760  15.29150  -13.89640  15.11080  -13.88950  15.02780  -13.90890  14.92710  -13.99450  14.76790  -13.98500  14.70320  -13.99830  14.63520  -13.93520  14.70180  -14.04390  14.65280  -14.00640  14.72190  -14.07330  14.78180  -13.99880  14.91110  -13.97380  14.86570  -13.99160  14.40540  -14.09470  13.51090  -14.21660  12.07110  -14.10090  10.46740
-13.25670  11.24060  -12.84130  15.52510  -12.70710  16.16590  -12.89970  16.04380  -12.89510  15.96700  -12.91530  15.87400  -12.99980  15.70300  -12.98830  15.64630  -12.99880  15.57570  -12.93450  15.61630  -13.04840  15.53220  -13.00870  15.61200  -13.07370  15.68720  -12.99870  15.76640  -12.97130  15.72270  -12.99130  15.16310  -13.08910  14.34410  -13.21520  13.06990  -13.10020  11.47680
-12.25370  11.72860  -11.86430  16.12100  -11.70920  16.92600  -11.90370  16.91820  -11.90050  16.85820  -11.91850  16.77750  -12.00050  16.55210  -11.99070  16.51290  -11.99950  16.41320  -11.93250  16.39240  -12.05270  16.23660  -12.00890  16.32080  -12.06980  16.43090  -11.99360  16.42780  -11.96370  16.39530  -11.98690  15.74890  -12.07630  14.99570  -12.20540  14.05060  -12.09120  12.49210
-11.24790  12.22820  -10.89590  16.59180  -10.70700  17.49550  -10.90280  17.66420  -10.91430  17.62900  -10.91940  17.56690  -10.99880  17.28030  -10.99220  17.25010  -11.00790  17.09580  -10.94260  17.01850  -11.05770  16.80490  -11.00410  16.85310  -11.06400  16.95820  -10.98180  16.91550  -10.96000  16.90720  -11.00280  16.18950  -11.08690  15.47070  -11.18790  14.95060  -11.07410  13.50220
-10.24120  12.74360  -9.92923  16.92520  -9.70966  17.83370  -9.91157  18.19540  -9.93961  18.18080  -9.92100  18.16870  -10.01120  17.83780  -10.01440  17.81580  -10.02420  17.64690  -9.95951  17.57210  -10.05820  17.35620  -10.00920  17.34150  -10.08280  17.38270  -10.00200  17.32550  -9.97672  17.33610  -10.02190  16.56700  -10.09660  15.85380  -10.19250  15.66710  -10.08810  14.44850
-9.23247  13.27840  -8.96575  17.11220  -8.72219  17.99330  -8.91543  18.46770  -8.97102  18.46980  -8.94315  18.51950  -9.03084  18.19380  -9.03422  18.19970  -9.03212  18.05660  -8.97297  18.04600  -9.08878  17.89190  -9.02540  17.84260  -9.10773  17.82540  -9.01591  17.74880  -8.98616  17.75680  -9.03348  16.96860  -9.09605  16.23070  -9.19634  16.21220  -9.09919  15.30180
-8.22270  13.83590  -8.00041  17.19180  -7.74483  18.02360  -7.91688  18.50040  -8.01741  18.52480  -7.96536  18.60990  -8.04860  18.34760  -8.04993  18.41360  -8.03019  18.34060  -7.98706  18.37430  -8.12149  18.32080  -8.03394  18.25520  -8.13068  18.22860  -8.02478  18.11620  -7.98568  18.15290  -8.03681  17.45340  -8.08830  16.69070  -8.18835  16.65630  -8.09898  15.99550
-7.21274  14.41580  -7.03491  17.19390  -6.77697  17.88720  -6.92051  18.33670  -7.07698  18.37420  -6.99374  18.42780  -7.06103  18.30830  -7.06075  18.44450  -7.01493  18.48390  -6.99922  18.58290  -7.15800  18.60220  -7.03210  18.54650  -7.15323  18.51970  -7.02878  18.36770  -6.97515  18.45890  -7.03216  17.93380  -7.07472  17.25580  -7.17441  17.10670  -7.09078  16.53300
-6.20019  15.00950  -6.06316  17.13870  -5.80971  17.49870  -5.92540  17.92420  -6.13785  18.04370  -6.01897  18.08100  -6.06934  18.07130  -6.07032  18.24850  -5.97266  18.45540  -6.01269  18.67620  -6.19359  18.77560  -6.02187  18.74850  -6.17455  18.73130  -6.02628  18.56210  -5.95770  18.71120  -6.01808  18.27120  -6.05176  17.77940  -6.16108  17.62870  -6.07646  17.01310
-5.19762  15.59360  -5.09645  16.96770  -4.84514  16.86070  -4.93077  17.20970  -5.18899  17.53040  -5.03956  17.63500  -5.07447  17.65920  -5.07978  17.81790  -4.90163  18.25190  -5.03154  18.63100  -5.22635  18.85770  -5.00669  18.86570  -5.19111  18.86970  -5.01750  18.71150  -4.93306  18.93630  -4.99706  18.51610  -5.01769  18.14230  -5.14763  18.11490  -5.06567  17.53840
-4.19135  16.15310  -4.13441  16.52380  -3.86577  15.96370  -3.93430  16.25200  -4.23426  16.80310  -4.05230  17.07520  -4.07394  17.04860  -4.08694  17.27660  -3.82233  17.94930  -4.06346  18.43360  -4.25708  18.84490  -3.98648  18.89060  -4.20953  18.93690  -4.00920  18.81660  -3.90726  19.13900  -3.97114  18.69870  -3.98697  18.37720  -4.12943  18.46630  -4.05160  18.01450
-3.18148  16.59410  -3.17064  15.82510  -2.87959  14.91740  -2.94454  15.31170  -3.26828  15.84180  -3.07032  16.43180  -3.07129  16.35850  -3.09712  16.71220  -2.76360  17.64510  -3.10003  18.12200  -3.28331  18.73440  -2.96817  18.82370  -3.22633  18.93120  -2.99942  18.86750  -2.87933  19.31740  -2.93888  18.82840  -2.95337  18.52500  -3.10528  18.73050  -3.03654  18.33830
-2.16257  16.70530  -2.20018  15.02980  -1.89113  13.92410  -1.95044  14.55220  -2.29031  14.84030  -2.08257  15.77730  -2.06829  15.76550  -2.10487  15.99710  -1.72891  17.34560  -2.12869  17.77670  -2.30341  18.53370  -1.94903  18.67220  -2.24456  18.86630  -1.98931  18.85900  -1.85073  19.45380  -1.90844  18.91410  -1.89186  18.69680  -2.10423  18.93540  -2.03075  18.57310
-1.12915  16.38720  -1.27048  3.19537  -0.89566  13.01710  -0.95486  13.91120  -1.30072  14.06820  -1.09156  15.21990  -1.06476  15.34060  -1.11027  15.25710  -0.70072  17.00080  -1.14523  17.48060  -1.31878  18.25130  -0.93675  18.44450  -1.26348  18.75650  -0.98028  18.79700  -0.82671  19.50540  -0.88181  18.94420  -0.86017  18.76200  -1.10879  19.07710  -1.03655  18.76360
0.09099  2.44591  -0.27237  -0.75371  0.10072  12.15220  0.04256  13.29810  -0.30662  13.51680  -0.10040  14.81170  -0.05914  15.02760  -0.11338  14.65070  0.32508  16.62040  -0.15498  17.20480  -0.33048  17.91570  0.06857  18.15840  -0.28266  18.60270  0.02263  18.69310  0.18944  19.40610  0.13794  18.92300  0.16279  18.77130  -0.10096  19.20300  -0.05094  18.92350