T31_Chip Verification
L004X¡¢L024X¡¢L026X_MML004X_V2-25_-VD=3.5V&ID=55mA_2025-09-01 14.58.34_25.0deg_Gain vs. Pout.txt 
Gain vs. Pout_Pout(dBm)_Gain(dB)
1.0GHz  1.5GHz  2.0GHz  2.5GHz  3.0GHz  3.5GHz  4.0GHz  4.5GHz  5.0GHz  5.5GHz  6.0GHz  6.5GHz  7.0GHz  7.5GHz  8.0GHz  8.5GHz  9.0GHz  9.5GHz  10.0GHz
-4.44437  26.41053  -1.32680  28.59670  -1.00910  28.70590  -1.24145  28.60515  -1.30855  28.52575  -1.16493  28.44537  -1.32470  28.38250  -1.39516  28.31724  -1.43179  28.25111  -1.37442  28.25028  -1.40148  28.30132  -1.35889  28.30791  -1.34090  28.40960  -1.25089  28.43011  -1.37376  28.29174  -1.85207  27.83583  -2.85969  26.95471  -4.34631  25.62419  -5.85471  23.96609
-2.60131  26.39889  -0.01485  28.59815  0.22472  28.70512  -0.08647  28.60533  -0.20507  28.52383  -0.12909  28.44471  -0.32292  28.38238  -0.40647  28.31593  -0.45630  28.24880  -0.39931  28.24879  -0.42511  28.30139  -0.39618  28.31382  -0.36157  28.41233  -0.28165  28.43285  -0.41199  28.29121  -0.89578  27.83852  -1.88508  26.95872  -3.37205  25.62745  -4.87716  23.96624
-1.66742  26.39718  0.95172  28.59462  1.14925  28.70515  0.85129  28.60559  0.78104  28.52484  0.82491  28.44461  0.63466  28.37866  0.55862  28.31292  0.50115  28.25165  0.55837  28.24827  0.52221  28.30231  0.56492  28.31212  0.57881  28.41461  0.67399  28.43419  0.54287  28.29687  0.07402  27.84492  -0.92550  26.96350  -2.39807  25.63293  -3.91676  23.97044
-0.67914  26.38156  1.92312  28.59262  2.13809  28.70039  1.83590  28.60480  1.71219  28.52419  1.76731  28.44501  1.59444  28.38344  1.52872  28.31402  1.46102  28.24992  1.52514  28.25084  1.48226  28.30116  1.52383  28.31253  1.53752  28.41442  1.63282  28.43332  1.50429  28.29599  1.02756  27.84666  0.04285  26.96665  -1.42701  25.63179  -2.94364  23.97116
0.27327  26.36647  2.90182  28.58492  3.12083  28.70043  2.80601  28.60761  2.70455  28.52535  2.73330  28.44550  2.55525  28.38065  2.49791  28.31171  2.42903  28.24923  2.48395  28.25165  2.44297  28.30257  2.48840  28.31450  2.51584  28.41414  2.60665  28.43495  2.48140  28.30070  2.01002  27.85272  1.01744  26.97354  -0.44571  25.63619  -1.97424  23.96966
1.21932  26.35122  3.84555  28.58045  4.09574  28.69674  3.77606  28.60236  3.70689  28.52299  3.68846  28.44106  3.51590  28.37910  3.46674  28.31334  3.39029  28.24799  3.45970  28.25070  3.40988  28.30238  3.45451  28.31351  3.47534  28.41754  3.57638  28.43668  3.46005  28.30105  2.99364  27.85894  1.99792  26.97902  0.53063  25.64013  -0.99966  23.97664
2.17520  26.32180  4.81307  28.57227  5.05541  28.69101  4.76360  28.60030  4.68115  28.51905  4.65318  28.44048  4.48484  28.37754  4.43552  28.31102  4.36238  28.24628  4.43493  28.24843  4.38123  28.30153  4.42836  28.31256  4.45343  28.41523  4.55273  28.43723  4.44419  28.30579  3.97799  27.86319  2.98759  26.98449  1.51681  25.64401  -0.01470  23.97760
3.12513  26.28563  5.80190  28.55990  6.03767  28.68647  5.74476  28.59666  5.67758  28.51498  5.63467  28.43587  5.46302  28.37382  5.41095  28.30695  5.34144  28.24444  5.41435  28.24805  5.35728  28.30258  5.40697  28.31397  5.43541  28.41491  5.53669  28.43959  5.42901  28.30801  4.96666  27.86996  3.97994  26.99364  2.50741  25.64771  0.97321  23.98321
4.05259  26.23509  6.77154  28.54514  7.01961  28.67771  6.72839  28.59019  6.65848  28.51178  6.61247  28.43337  6.44575  28.36915  6.39692  28.30482  6.32304  28.24274  6.39508  28.24578  6.34124  28.29944  6.39074  28.31154  6.41803  28.41483  6.52504  28.43934  6.41998  28.31148  5.96004  27.87884  4.97604  27.00434  3.50216  25.65546  1.96424  23.98634
4.96663  26.16143  7.73400  28.52130  8.00438  28.66578  7.73008  28.58488  7.64826  28.50606  7.59610  28.42870  7.42913  28.36543  7.37788  28.30018  7.30948  28.24028  7.37531  28.24321  7.32397  28.29917  7.37856  28.31146  7.40454  28.41494  7.51051  28.44181  7.41068  28.31528  6.96070  27.88900  5.97637  27.01377  4.49775  25.66145  2.95589  23.98989
5.85365  26.05585  8.69885  28.49365  8.97751  28.64911  8.71372  28.57592  8.63236  28.49656  8.57722  28.42312  8.41180  28.35910  8.36089  28.29469  8.29277  28.23367  8.35788  28.23908  8.30632  28.29542  8.36424  28.30794  8.38866  28.41166  8.50018  28.44238  8.40252  28.31622  7.96128  27.89848  6.98074  27.02684  5.49648  25.66848  3.95292  23.99272
6.68585  25.89995  9.65375  28.45325  9.95013  28.62733  9.69896  28.56486  9.61651  28.48491  9.55476  28.41166  9.39401  28.34931  9.34070  28.28670  9.27429  28.22709  9.34146  28.23396  9.29088  28.29158  9.35138  28.30358  9.37677  28.40767  9.48867  28.43797  9.39808  28.32008  8.96565  27.90965  7.98880  27.04030  6.50029  25.67549  4.95173  23.99823
7.44713  25.66863  10.59270  28.39600  10.92010  28.59920  10.68200  28.54640  10.60180  28.47150  10.53380  28.39840  10.37430  28.33700  10.32080  28.27380  10.25760  28.21720  10.32350  28.22380  10.27630  28.28480  10.33670  28.29690  10.35910  28.39980  10.47600  28.43190  10.38850  28.31760  9.97010  27.91670  8.99454  27.05344  7.50723  25.68363  5.95387  24.00257
8.11657  25.35027  11.51040  28.31810  11.87780  28.55990  11.65260  28.52390  11.57560  28.45100  11.50830  28.38190  11.35270  28.32070  11.30100  28.25900  11.23650  28.20410  11.30080  28.21130  11.25600  28.27310  11.31540  28.28410  11.33210  28.38630  11.44960  28.41980  11.36840  28.31070  10.96080  27.91830  9.99130  27.06290  8.50160  25.69220  6.94009  24.00769
8.71049  24.95699  12.39100  28.20710  12.81890  28.50480  12.61560  28.49310  12.54150  28.42310  12.47120  28.35630  12.32030  28.29680  12.26620  28.23420  12.20660  28.18300  12.27010  28.19080  12.22310  28.25410  12.28030  28.26230  12.29680  28.36390  12.41410  28.39720  12.33990  28.29250  11.93600  27.90320  10.98390  27.06490  9.49429  25.69989  7.93009  24.01449
9.25584  24.50534  13.21970  28.04630  13.73570  28.42300  13.56460  28.44810  13.49340  28.38160  13.42300  28.31980  13.27400  28.26040  13.22320  28.20100  13.16900  28.15090  13.23030  28.15730  13.17800  28.22050  13.23210  28.22500  13.24670  28.32480  13.35850  28.35050  13.29290  28.25240  12.87600  27.85180  11.95690  27.04290  10.48870  25.70560  8.92262  24.02072
9.76898  24.01708  13.97160  27.81210  14.61700  28.30500  14.49140  28.38030  14.42650  28.32090  14.36080  28.26700  14.21260  28.20530  14.16360  28.14720  14.11270  28.09790  14.16140  28.09380  14.09600  28.14850  14.15120  28.15200  14.16850  28.25390  14.26230  28.25830  14.20010  28.16340  13.73660  27.71760  12.86950  26.95600  11.48230  25.70490  9.92094  24.02524
10.27250  23.51720  14.62620  27.48770  15.42320  28.11230  15.37740  28.26980  15.31950  28.22190  15.26640  28.17840  15.08800  28.08550  15.05420  28.04220  14.99600  27.98310  15.01090  27.94480  14.91010  27.96960  14.97340  27.97740  15.01210  28.09860  15.05470  28.05120  14.99650  27.95760  14.46690  27.44900  13.67090  26.75180  12.46700  25.68770  10.92340  24.02710
10.78640  23.02350  15.18620  27.07370  16.08520  27.77950  16.17160  28.06440  16.12560  28.03790  16.08400  28.00020  15.84160  27.84070  15.82460  27.81600  15.74210  27.72810  15.71050  27.64100  15.55770  27.62360  15.61290  27.61690  15.68840  27.77190  15.66900  27.65950  15.62970  27.58220  15.05090  27.02850  14.32270  26.39110  13.41440  25.62530  11.92680  24.02110
11.31650  22.54670  15.63240  26.55150  16.55670  27.25610  16.79070  27.68470  16.74990  27.68130  16.73620  27.65580  16.43460  27.43260  16.41770  27.41220  16.30650  27.30000  16.25580  27.19840  16.07690  27.14920  16.09170  27.08980  16.16750  27.24590  16.12320  27.10250  16.11380  27.06230  15.49680  26.48960  14.81760  25.89610  14.26950  25.46260  12.91630  23.99410
11.86810  22.09150  15.93080  25.88321  16.82510  26.53451  17.15840  27.06039  17.10940  27.07243  17.16280  27.08664  16.84190  26.85280  16.82740  26.84590  16.69970  26.70750  16.68460  26.64541  16.53880  26.61450  16.49200  26.49580  16.52630  26.62490  16.46660  26.46680  16.49430  26.45769  15.86300  25.87490  15.21320  25.30100  14.96320  25.16070  13.82050  23.91240
12.44520  21.65956  16.07990  25.06881  16.88490  25.61425  17.26500  26.17125  17.23390  26.23556  17.35130  26.29914  17.07550  26.10651  17.10910  26.14753  16.98440  25.99791  17.00510  25.98192  16.93930  26.04939  16.85180  25.87161  16.84580  25.97180  16.74590  25.76042  16.80630  25.77848  16.20900  25.23230  15.57330  24.65939  15.50600  24.70735  14.61970  23.72243
13.04880  21.25412  16.12280  24.14397  16.72340  24.47957  17.13470  25.04446  17.15530  25.21049  17.28740  25.26128  17.14170  25.18995  17.23780  25.29260  17.17940  25.18969  17.24050  25.23251  17.25000  25.39498  17.15040  25.17859  17.12610  25.27629  16.95640  24.98049  17.05790  25.02799  16.56550  24.59024  15.96070  24.03703  15.94210  24.13487  15.28070  23.38343
13.67020  20.86670  16.07150  23.12667  16.32930  23.11783  16.77260  23.68832  16.88210  23.99732  17.00070  24.00456  17.01760  24.07776  17.18070  24.24676  17.24330  24.23363  17.39150  24.39665  17.46580  24.64605  17.38460  24.41049  17.35300  24.52490  17.12890  24.15771  17.27140  24.23091  16.88400  23.90335  16.39090  23.44893  16.33300  23.51089  15.79900  22.89391
14.29850  20.48282  15.85470  21.94135  15.73030  21.54593  16.16910  22.08848  16.43710  22.60487  16.59810  22.62459  16.69890  22.76552  16.89800  22.97440  17.13400  23.07475  17.43270  23.45391  17.59610  23.80975  17.55210  23.56809  17.52970  23.72113  17.28040  23.30637  17.47150  23.41516  17.13760  23.14302  16.76950  22.79912  16.72010  22.88219  16.22620  22.30769
14.90830  20.09020  15.40660  20.53049  14.96220  19.80028  15.35350  20.27636  15.84170  21.04993  16.11230  21.15584  16.17400  21.24343  16.43630  21.52020  16.89070  21.76025  17.32590  22.36796  17.63570  22.87956  17.64000  22.64151  17.64950  22.85554  17.41430  22.43184  17.66620  22.58721  17.34160  22.32686  17.05580  22.04947  17.05800  22.20347  16.61850  21.68953
15.42980  19.60469  14.79820  18.96028  14.08740  17.94219  14.48380  18.40851  15.09590  19.33824  15.54680  19.59825  15.51760  19.58265  15.89240  19.97823  16.60540  20.40576  17.08710  21.16035  17.57550  21.84667  17.63170  21.61273  17.69990  21.92154  17.51730  21.52570  17.85850  21.75422  17.49630  21.45646  17.28720  21.25626  17.33160  21.45942  16.93880  20.99858
15.65570  18.81840  14.13220  17.32780  13.21070  16.08360  13.75700  16.69153  14.23880  17.50708  14.94930  18.01587  14.90220  17.96248  15.23350  18.32712  16.32800  19.08858  16.77760  19.88310  17.42610  20.72110  17.53290  20.49575  17.67670  20.91397  17.57460  20.57372  18.03670  20.90629  17.61650  20.54674  17.43250  20.36093  17.56010  20.66504  17.18390  20.23061
15.47820  17.61537  13.46430  15.68575  12.40710  14.29513  13.16690  15.10757  13.45910  15.74528  14.39930  16.47705  14.42440  16.48015  14.49990  16.59749  16.02060  17.74896  16.46720  18.59294  17.19390  19.50587  17.35290  19.29832  17.59570  19.84886  17.57150  19.56073  18.17970  20.02183  17.69530  19.59640  17.54260  19.41462  17.76720  19.86633  17.39190  19.43434
2.17303  3.09232  -0.21818  1.06384  11.63630  12.53273  12.62690  13.57281  12.88180  14.17815  13.98030  15.06790  14.08820  15.13661  13.87210  14.97172  15.69400  16.38959  16.18960  17.32709  16.90430  18.22768  17.11010  18.04441  17.46990  18.73993  17.51650  18.49704  18.23120  19.05110  17.72680  18.60259  17.60220  18.44510  17.91950  19.02864  17.58920  18.63762