T31_Chip Verification
L004X¡¢L024X¡¢L026X_MML004X_V2-85_-VD=4V&ID=66mA_2025-09-01 15.55.43_85.0deg_PxdB vs. Frequency.txt 
PxdB vs. Frequency_Frequency(GHz)_PxdB(dBm)
P1dB  P3dB  P5dB
1.00000  9.33345  1.00000  11.61231  1.00000  13.76283
1.50000  15.52644  1.50000  16.68000  1.50000  16.78227
2.00000  16.97404  2.00000  17.52185  2.00000  17.31061
2.50000  17.66724  2.50000  17.95324  2.50000  17.53342
3.00000  17.73241  3.00000  17.96095  3.00000  17.52054
3.50000  17.75144  3.50000  17.98351  3.50000  17.54331
4.00000  17.36367  4.00000  17.81632  4.00000  17.49036
4.50000  17.40871  4.50000  17.94612  4.50000  17.60352
5.00000  17.29792  5.00000  18.04901  5.00000  17.90233
5.50000  17.12160  5.50000  18.18700  5.50000  18.20286
6.00000  16.79360  6.00000  18.22168  6.00000  18.42699
6.50000  16.78448  6.50000  18.18520  6.50000  18.49556
7.00000  16.94562  7.00000  18.21939  7.00000  18.56062
7.50000  16.74599  7.50000  18.03782  7.50000  18.45887
8.00000  16.84657  8.00000  18.25011  8.00000  18.81765
8.50000  15.97324  8.50000  17.71609  8.50000  18.34095
9.00000  15.48442  9.00000  17.40534  9.00000  18.17248
9.50000  16.48279  9.50000  18.13785  9.50000  18.68713
10.00000  16.74083  10.00000  18.07728  10.00000  18.53978