T31_Chip Verification
L004X¡¢L024X¡¢L026X_MML004X_V2-85_-VD=4V&ID=66mA_2025-09-01 15.55.43_85.0deg_Pout vs. Pin.txt 
Pout vs. Pin_Pin(dBm)_Pout(dBm)
1.0GHz  1.5GHz  2.0GHz  2.5GHz  3.0GHz  3.5GHz  4.0GHz  4.5GHz  5.0GHz  5.5GHz  6.0GHz  6.5GHz  7.0GHz  7.5GHz  8.0GHz  8.5GHz  9.0GHz  9.5GHz  10.0GHz
-31.08910  -4.75809  -30.12250  -1.59141  -29.84890  -1.19376  -29.94340  -1.39505  -29.87930  -1.41006  -29.65780  -1.28912  -29.74360  -1.44939  -29.72050  -1.51236  -29.70330  -1.56617  -29.63450  -1.50618  -29.70920  -1.53881  -29.66750  -1.48439  -29.74970  -1.46169  -29.68660  -1.38887  -29.64500  -1.52021  -29.68300  -2.05770  -29.77720  -3.08748  -29.95030  -4.64297  -29.80410  -6.17981
-29.07670  -2.73569  -28.72730  -0.19484  -28.57160  0.08191  -28.79420  -0.24373  -28.75390  -0.28498  -28.60900  -0.24132  -28.71680  -0.42751  -28.69890  -0.49001  -28.70870  -0.57256  -28.65880  -0.53016  -28.72410  -0.55336  -28.69830  -0.50939  -28.76240  -0.47050  -28.70310  -0.40258  -28.68180  -0.55415  -28.71320  -1.07888  -28.80960  -2.11484  -28.96930  -3.65988  -28.81590  -5.18937
-28.07590  -1.74282  -27.68680  0.84358  -27.59190  1.05621  -27.76490  0.79038  -27.76850  0.70006  -27.62640  0.74490  -27.74150  0.55036  -27.73270  0.47970  -27.73170  0.40602  -27.67300  0.45954  -27.76610  0.40544  -27.73350  0.45606  -27.80750  0.48487  -27.73150  0.56831  -27.71120  0.41855  -27.74360  -0.11163  -27.84440  -1.14962  -27.99520  -2.68451  -27.85370  -4.22776
-27.03410  -0.70331  -26.67550  1.85711  -26.56090  2.09171  -26.79230  1.75657  -26.77720  1.69309  -26.67750  1.69264  -26.76600  1.52384  -26.77300  1.43730  -26.76050  1.37545  -26.70490  1.42412  -26.78980  1.38058  -26.75620  1.43132  -26.83550  1.45761  -26.76470  1.53716  -26.74080  1.39165  -26.77340  0.86071  -26.87350  -0.16903  -27.02050  -1.70516  -26.87480  -3.24651
-26.08480  0.24433  -25.73190  2.80033  -25.59510  3.06052  -25.80540  2.74251  -25.79760  2.67512  -25.69540  2.67159  -25.79890  2.49080  -25.78820  2.42426  -25.78390  2.35349  -25.72610  2.40344  -25.83190  2.34206  -25.79500  2.39687  -25.86450  2.43072  -25.79230  2.51189  -25.77530  2.36390  -25.79280  1.85105  -25.90060  0.80453  -26.03860  -0.72105  -25.90590  -2.27572
-25.10140  1.22195  -24.71980  3.81095  -24.61560  4.04068  -24.80420  3.74723  -24.79490  3.67365  -24.72650  3.64158  -24.82580  3.46647  -24.81060  3.40031  -24.81630  3.32300  -24.74730  3.38498  -24.84920  3.32610  -24.81720  3.37400  -24.89330  3.40391  -24.82160  3.48404  -24.79510  3.34214  -24.81480  2.83056  -24.92450  1.78734  -25.06390  0.25688  -24.93280  -1.29771
-24.11390  2.20070  -23.71560  4.81749  -23.61380  5.04214  -23.80900  4.74531  -23.80060  4.66834  -23.74840  4.62061  -23.85100  4.43730  -23.83680  4.37140  -23.83890  4.29895  -23.77420  4.35554  -23.87640  4.29620  -23.83670  4.35379  -23.91540  4.37993  -23.83700  4.47279  -23.81200  4.33155  -23.82940  3.82395  -23.94040  2.78148  -24.08080  1.24844  -23.94750  -0.30984
-23.10120  3.19940  -22.73880  5.78996  -22.62360  6.03142  -22.81760  5.73508  -22.81270  5.65419  -22.76650  5.59894  -22.86430  5.42140  -22.85330  5.35669  -22.84990  5.28635  -22.79220  5.33861  -22.89720  5.27878  -22.85420  5.34017  -22.93200  5.36809  -22.85060  5.46266  -22.82640  5.32313  -22.84730  4.81654  -22.95570  3.77454  -23.09130  2.24100  -22.96250  0.67704
-22.11990  4.15862  -21.74870  6.77322  -21.62670  7.02517  -21.81170  6.73666  -21.81460  6.65025  -21.78200  6.58244  -21.87340  6.41353  -21.86420  6.34492  -21.86250  6.27445  -21.80600  6.32574  -21.91080  6.26511  -21.86910  6.32492  -21.94470  6.35465  -21.86330  6.45228  -21.83910  6.31270  -21.86130  5.80919  -21.96730  4.77023  -22.10290  3.23497  -21.97300  1.67026
-21.12960  5.11650  -20.74090  7.77574  -20.62800  8.02204  -20.81550  7.73421  -20.81630  7.64717  -20.78790  7.57440  -20.88510  7.39971  -20.87310  7.33229  -20.87130  7.26286  -20.81880  7.31118  -20.92450  7.25094  -20.88070  7.31373  -20.95890  7.34151  -20.87670  7.43930  -20.85020  7.30678  -20.86990  6.81212  -20.97740  5.77299  -21.11210  4.23361  -20.98420  2.66582
-20.13220  6.06054  -19.74830  8.75866  -19.63360  9.01257  -19.81760  8.72934  -19.81670  8.64371  -19.79880  8.55981  -19.89260  8.38626  -19.88110  8.31992  -19.88150  8.25077  -19.83250  8.29711  -19.93480  8.24062  -19.89060  8.30393  -19.97000  8.33175  -19.88660  8.43494  -19.85830  8.30781  -19.87740  7.81951  -19.98420  6.78211  -20.11950  5.23774  -19.99190  3.66596
-19.13370  6.96331  -18.74970  9.73804  -18.63600  9.99951  -18.81970  9.72327  -18.82230  9.63153  -18.80830  9.54572  -18.89910  9.37578  -18.88990  9.30680  -18.89170  9.23804  -18.84040  9.28668  -18.94670  9.23061  -18.89930  9.29769  -18.97820  9.32636  -18.89380  9.43276  -18.86540  9.30797  -18.88370  8.82392  -18.98980  7.79091  -19.12470  6.24048  -19.00020  4.66421
-18.13720  7.80545  -17.75110  10.70950  -17.63800  10.98460  -17.81400  10.72040  -17.82170  10.62730  -17.81180  10.53780  -17.90470  10.36680  -17.89930  10.29430  -17.89840  10.22850  -17.84860  10.27720  -17.95560  10.21990  -17.90530  10.28800  -17.98550  10.31780  -17.90210  10.42340  -17.87250  10.30320  -17.88860  9.83248  -17.99860  8.79767  -18.12700  7.25081  -18.00160  5.67091
-17.15120  8.56525  -16.75290  11.66570  -16.63970  11.96760  -16.82150  11.70730  -16.82570  11.61510  -16.82110  11.51790  -16.91020  11.35080  -16.90300  11.28160  -16.90560  11.21340  -16.85890  11.25950  -16.96310  11.20620  -16.91280  11.27430  -17.00050  11.29560  -16.91610  11.40660  -16.88550  11.29310  -16.89850  10.83420  -17.01250  9.80208  -17.14240  8.25127  -17.02190  6.66314
-16.16260  9.23764  -15.75950  12.59430  -15.64550  12.93290  -15.82530  12.68680  -15.83020  12.59400  -15.83330  12.49160  -15.91990  12.32710  -15.91440  12.25650  -15.91840  12.19030  -15.86980  12.23880  -15.97750  12.18450  -15.92830  12.25280  -16.01480  12.27540  -15.92960  12.38760  -15.89900  12.28160  -15.91120  11.82890  -16.02350  10.80870  -16.15920  9.25008  -16.04140  7.65600
-15.17150  9.83168  -14.76570  13.47940  -14.64850  13.88280  -14.83160  13.65570  -14.83700  13.56360  -14.84400  13.46130  -14.92980  13.29990  -14.92290  13.23000  -14.92360  13.16890  -14.87670  13.21740  -14.98940  13.16070  -14.94100  13.22480  -15.02550  13.24900  -14.94010  13.36050  -14.90680  13.26050  -14.92050  12.81080  -15.02940  11.80940  -15.17160  10.25100  -15.05450  8.65439
-14.17720  10.37320  -13.77360  14.30370  -13.64700  14.80850  -13.83550  14.61420  -13.84250  14.52380  -13.85370  14.42210  -13.93680  14.26250  -13.93120  14.19330  -13.92920  14.13790  -13.88390  14.18210  -14.00010  14.11830  -13.94960  14.18230  -14.03360  14.20550  -13.94490  14.31450  -13.91160  14.22040  -13.92590  13.75820  -14.03220  12.79310  -14.17860  11.25690  -14.06350  9.65988
-13.17700  10.88740  -12.78930  15.03370  -12.64920  15.67820  -12.84000  15.54610  -12.84930  15.46000  -12.86050  15.36300  -12.94140  15.19760  -12.93560  15.13460  -12.93080  15.08120  -12.88460  15.11120  -13.00700  15.02680  -12.95320  15.09830  -13.03650  15.13270  -12.94730  15.21580  -12.91090  15.13440  -12.92780  14.60870  -13.02730  13.71940  -13.17920  12.26490  -13.06470  10.67230
-12.17650  11.38750  -11.81260  15.64470  -11.65260  16.43520  -11.84300  16.41840  -11.85560  16.34530  -11.86730  16.25990  -11.94490  16.05290  -11.93980  16.00970  -11.93230  15.94000  -11.88390  15.92730  -12.01220  15.79280  -11.95510  15.87670  -12.03560  15.95320  -11.94480  15.97290  -11.90700  15.90970  -11.92530  15.30080  -12.01900  14.49640  -12.17280  13.26720  -12.05880  11.68990
-11.17270  11.88530  -10.84310  16.12430  -10.65200  16.99200  -10.84500  17.16130  -10.87140  17.11430  -10.86920  17.05200  -10.94600  16.78780  -10.94300  16.76370  -10.94340  16.65820  -10.89800  16.59890  -11.01800  16.42250  -10.95070  16.49230  -11.03080  16.59050  -10.93390  16.56080  -10.90530  16.51960  -10.94260  15.83830  -11.03460  15.08310  -11.15830  14.23490  -11.04410  12.70570
-10.16840  12.38920  -9.87795  16.46390  -9.65756  17.32180  -9.85459  17.68410  -9.89786  17.68310  -9.87264  17.66130  -9.96098  17.35230  -9.96669  17.34590  -9.96190  17.24180  -9.91705  17.17760  -10.02120  16.99770  -9.95739  17.02510  -10.05090  17.09090  -9.95719  17.03920  -9.92540  17.02640  -9.96515  16.30310  -10.05110  15.56160  -10.16860  15.06940  -10.06170  13.67150
-9.16115  12.90890  -8.91443  16.67330  -8.67256  17.49300  -8.85919  17.94530  -8.93253  17.98880  -8.89699  18.01060  -8.98200  17.70490  -8.98743  17.73530  -8.97318  17.67670  -8.93248  17.65390  -9.05484  17.50860  -8.97579  17.51000  -9.07931  17.54400  -8.97455  17.48200  -8.93743  17.49410  -8.98002  16.77110  -9.05732  16.02430  -9.17987  15.74380  -9.07707  14.59580
-8.15466  13.44440  -7.94877  16.77710  -7.69707  17.54560  -7.86330  17.98890  -7.98324  18.03620  -7.92275  18.07920  -8.00096  17.84460  -8.00601  17.93640  -7.97348  17.94850  -7.94856  17.98400  -8.08931  17.91530  -7.98733  17.90110  -8.10479  17.92630  -7.98640  17.84640  -7.93963  17.91180  -7.98568  17.25980  -8.05591  16.52930  -8.18036  16.29920  -8.08321  15.41190
-7.14711  13.99280  -6.98379  16.79510  -6.72954  17.44160  -6.87093  17.85070  -7.04304  17.89040  -6.95326  17.90470  -7.01446  17.78980  -7.01900  17.94950  -6.95681  18.06390  -6.96270  18.18440  -7.12655  18.18930  -6.98885  18.18520  -7.12911  18.20640  -6.99431  18.10440  -6.93320  18.23370  -6.98325  17.69600  -7.04577  17.05960  -7.17343  16.81660  -7.08086  16.07520
-6.13601  14.54280  -6.01404  16.74540  -5.76223  17.10320  -5.87652  17.47240  -6.10150  17.59520  -5.97905  17.60550  -6.02300  17.56930  -6.02989  17.76170  -5.91221  18.02020  -5.98083  18.26490  -6.16368  18.35660  -5.98291  18.37960  -6.15132  18.40770  -5.99459  18.29920  -5.92042  18.48800  -5.97412  18.00740  -6.02618  17.52560  -6.16523  17.33550  -6.07194  16.63800
-5.13451  15.06850  -5.04683  16.59430  -4.79754  16.52290  -4.88460  16.83240  -5.15112  17.13230  -5.00035  17.21990  -5.02836  17.21970  -5.04021  17.38450  -4.84504  17.83750  -5.00128  18.21460  -5.19760  18.43260  -4.97134  18.48810  -5.16999  18.53420  -4.98927  18.44410  -4.89953  18.70680  -4.95678  18.23050  -4.99647  17.86100  -5.15457  17.79750  -5.06421  17.16930
-4.12992  15.54330  -4.08275  16.21610  -3.82157  15.68850  -3.88948  15.95890  -4.19525  16.47090  -4.01397  16.73150  -4.02813  16.71550  -4.04757  16.90730  -3.77433  17.57320  -4.03211  18.03260  -4.22797  18.42100  -3.95479  18.51380  -4.18934  18.59270  -3.98354  18.53570  -3.87757  18.89770  -3.93508  18.40170  -3.95992  18.10090  -4.13850  18.14920  -4.05191  17.63040
-3.12131  15.88010  -3.11762  15.56810  -2.83633  14.67260  -2.90121  15.04430  -3.22925  15.59760  -3.03334  16.15390  -3.02746  16.11370  -3.05974  16.39520  -2.72445  17.30670  -3.06749  17.75220  -3.25415  18.32490  -2.93973  18.46360  -3.20789  18.59170  -2.97667  18.57790  -2.85377  19.05710  -2.90689  18.52480  -2.92130  18.27160  -3.11530  18.41600  -3.03674  17.96270
-2.10344  15.93260  -2.14632  14.75010  -1.84810  13.64170  -1.90856  14.23310  -2.25095  14.66230  -2.04756  15.53830  -2.02666  15.54720  -2.06748  15.76110  -1.69537  17.03890  -2.09611  17.44890  -2.27450  18.15290  -1.92443  18.33800  -2.22717  18.53890  -1.96879  18.56070  -1.82958  19.16480  -1.87990  18.59870  -1.88876  18.38310  -2.10237  18.61590  -2.03030  18.19950
-1.07259  15.64180  -1.20959  4.73097  -0.85459  12.68380  -0.91386  13.53850  -1.26114  13.87980  -1.05746  14.97370  -1.02455  15.10200  -1.07208  15.08360  -0.67390  16.72890  -1.11475  17.18080  -1.29044  17.90760  -0.91493  18.14270  -1.24687  18.44290  -0.96225  18.49020  -0.81064  19.18560  -0.85710  18.61860  -0.86202  18.44090  -1.10249  18.76310  -1.03524  18.38610
0.11134  4.22030  -0.21800  0.28911  0.13785  11.81350  0.08342  12.90650  -0.26669  13.28870  -0.06734  14.52490  -0.02013  14.75220  -0.07622  14.49810  0.34417  16.38090  -0.12709  16.92790  -0.30463  17.61310  0.08916  17.88860  -0.26619  18.30650  0.03846  18.38530  0.20093  19.08340  0.15902  18.59350  0.15637  18.45050  -0.11321  18.86400  -0.04819  18.54490
1.13879  1.81936  0.79078  -1.90889  1.14632  11.01140  1.08086  12.33480  0.72927  12.77260  0.91896  14.18830  0.98767  14.46680  0.92298  14.07030  1.35963  16.03370  0.85825  16.66570  0.68632  17.34820  1.08299  17.61530  0.71014  18.14180  1.03406  18.26290  1.20411  18.84180  1.16767  18.53660  1.16568  18.42780  0.86286  18.93000  0.92843  18.67990