T31_Chip Verification
L004X¡¢L024X¡¢L026X_MML004X_V2-25_-VD=3V&ID=43mA_2025-09-01 14.49.13_25.0deg_Psat.txt 
Saturation Power vs. Frequency_Frequency(GHz)_Psat(dBm)
Psat
1.00000  14.26900
1.50000  14.75540
2.00000  15.35100
2.50000  15.64400
3.00000  15.57520
3.50000  15.73740
4.00000  15.56260
4.50000  15.68550
5.00000  15.64650
5.50000  15.85260
6.00000  16.06650
6.50000  16.11040
7.00000  16.18810
7.50000  16.03920
8.00000  16.68750
8.50000  16.23720
9.00000  16.16410
9.50000  16.44130
10.00000  16.12720