T31_Chip Verification
L004X¡¢L024X¡¢L026X_MML004X_V2-25_-VD=5V&ID=90mA_2025-09-01 15.05.38_25.0deg_Gain vs. Pout.txt 
Gain vs. Pout_Pout(dBm)_Gain(dB)
1.0GHz  1.5GHz  2.0GHz  2.5GHz  3.0GHz  3.5GHz  4.0GHz  4.5GHz  5.0GHz  5.5GHz  6.0GHz  6.5GHz  7.0GHz  7.5GHz  8.0GHz  8.5GHz  9.0GHz  9.5GHz  10.0GHz
-3.43267  27.66843  -0.31727  29.77583  0.01412  29.84362  -0.21460  29.70040  -0.33890  29.58590  -0.20576  29.47354  -0.38507  29.38213  -0.45364  29.29446  -0.52757  29.22513  -0.43034  29.24176  -0.40407  29.31504  -0.31717  29.38653  -0.19393  29.55667  -0.03897  29.67143  -0.08569  29.61941  -0.52081  29.21519  -1.51865  28.32035  -3.06275  26.90915  -4.65337  25.16253
-1.41793  27.67047  1.07863  29.78023  1.22403  29.84743  0.90785  29.70705  0.77792  29.58762  0.81864  29.47284  0.63581  29.38211  0.54982  29.29402  0.45869  29.22609  0.57004  29.24064  0.57893  29.31613  0.65723  29.39073  0.78435  29.55875  0.93800  29.67320  0.88749  29.62699  0.45634  29.21934  -0.54162  28.32238  -2.07157  26.91673  -3.68739  25.16591
-0.45570  27.67650  2.03652  29.78022  2.26596  29.84946  1.89162  29.69862  1.79075  29.58715  1.79734  29.46964  1.61831  29.37791  1.52406  29.30076  1.44032  29.22772  1.52803  29.24193  1.53519  29.31749  1.61503  29.38923  1.73501  29.55921  1.90071  29.67851  1.85045  29.62485  1.42603  29.22273  0.43145  28.32605  -1.10252  26.92098  -2.71648  25.16992
0.62335  27.67865  3.08960  29.78350  3.24024  29.85034  2.88940  29.70660  2.77782  29.58752  2.76068  29.47568  2.57772  29.38402  2.50424  29.29814  2.39995  29.23035  2.50367  29.24277  2.50038  29.31898  2.58969  29.38999  2.70572  29.56042  2.86729  29.67969  2.83080  29.62810  2.39712  29.22852  1.40204  28.33284  -0.12582  26.92158  -1.74027  25.16973
1.61505  27.68455  4.05920  29.78960  4.20225  29.85085  3.87600  29.70790  3.76441  29.58791  3.72346  29.47316  3.55023  29.38443  3.47407  29.29897  3.38071  29.22721  3.47723  29.24413  3.47475  29.32025  3.55511  29.39001  3.67417  29.56327  3.84588  29.68218  3.80990  29.63580  3.37363  29.23293  2.38027  28.33607  0.85875  26.92645  -0.76581  25.17249
2.56688  27.68948  5.04871  29.79271  5.18531  29.85401  4.86323  29.71183  4.76419  29.58709  4.71147  29.47447  4.51137  29.38407  4.44646  29.30046  4.35160  29.23150  4.44245  29.24615  4.44960  29.32040  4.52358  29.39258  4.65007  29.56477  4.81850  29.68390  4.78886  29.64076  4.36396  29.23926  3.36740  28.34510  1.84291  26.93141  0.21449  25.17649
3.54488  27.68788  6.04505  29.79825  6.18127  29.85707  5.85776  29.71066  5.77175  29.59115  5.67667  29.47357  5.48343  29.38293  5.42737  29.29987  5.33318  29.22848  5.42582  29.24642  5.42168  29.32108  5.50605  29.39385  5.63071  29.56981  5.80885  29.68925  5.77430  29.64510  5.35430  29.24940  4.35656  28.35006  2.83337  26.93767  1.19860  25.17980
4.54183  27.68833  7.03586  29.79886  7.17157  29.86007  6.84481  29.71571  6.75554  29.59174  6.66321  29.47671  6.47647  29.38337  6.41030  29.30130  6.31592  29.23012  6.41127  29.24527  6.40355  29.32065  6.49040  29.39570  6.61997  29.57027  6.79708  29.69328  6.76800  29.65020  6.34481  29.25451  5.34800  28.36000  3.82557  26.94227  2.19158  25.18408
5.51875  27.68115  8.03068  29.80498  8.17415  29.86335  7.85360  29.71670  7.74825  29.59115  7.65264  29.47684  7.46204  29.38344  7.40184  29.29924  7.30181  29.23111  7.39665  29.24595  7.39418  29.32318  7.47926  29.39716  7.60714  29.57234  7.78741  29.69591  7.76025  29.65665  7.34087  29.26447  6.34819  28.37059  4.82391  26.95121  3.18439  25.18969
6.49841  27.66721  9.03130  29.80950  9.17520  29.86830  8.85236  29.71936  8.74877  29.59407  8.64703  29.47783  8.45672  29.38412  8.39027  29.30017  8.29150  29.22980  8.38433  29.24763  8.37714  29.32434  8.47063  29.39903  8.59861  29.57461  8.77990  29.70130  8.75512  29.66322  8.34366  29.27606  7.35123  28.38063  5.82251  26.95841  4.18010  25.19590
7.47252  27.64012  10.03360  29.81480  10.17320  29.87260  9.85565  29.72185  9.75058  29.59518  9.63565  29.47565  9.44687  29.38267  9.38039  29.29999  9.28439  29.23119  9.37364  29.24834  9.36955  29.32475  9.46326  29.40026  9.58982  29.57772  9.77320  29.70440  9.75504  29.67114  9.34799  29.28699  8.35535  28.39445  6.82588  26.96888  5.18221  25.20331
8.42753  27.59713  11.03230  29.81750  11.18120  29.87710  10.85790  29.72460  10.75120  29.59690  10.62800  29.47730  10.43930  29.38290  10.37060  29.29880  10.27550  29.22970  10.36510  29.24700  10.35680  29.32440  10.45650  29.40090  10.58470  29.57900  10.77080  29.70850  10.75640  29.67660  10.35310  29.29870  9.36590  28.41000  7.83356  26.98066  6.18382  25.21162
9.34789  27.51999  12.03020  29.81960  12.17920  29.88160  11.86300  29.72840  11.75250  29.59760  11.62160  29.47680  11.43110  29.38010  11.35960  29.29580  11.26700  29.22800  11.35590  29.24520  11.35000  29.32270  11.45010  29.39980  11.57770  29.57950  11.76720  29.71130  11.75500  29.68270  11.36100  29.30860  10.37340  28.42410  8.84564  26.99314  7.19238  25.22098
10.21060  27.39130  13.02920  29.81710  13.18160  29.88550  12.85920  29.73160  12.74770  29.59800  12.61220  29.47680  12.42280  29.37690  12.35420  29.29420  12.25710  29.22490  12.34200  29.24220  12.33940  29.32000  12.43940  29.39720  12.56250  29.57830  12.75260  29.70970  12.74480  29.68580  12.35860  29.31470  11.37310  28.43630  9.84469  27.00729  8.18495  25.23285
10.98920  27.18460  14.02000  29.81130  14.17960  29.88780  13.85870  29.73410  13.74510  29.59710  13.59900  29.47220  13.41200  29.37280  13.33850  29.28780  13.24210  29.21900  13.32700  29.23600  13.32100  29.31310  13.41850  29.38940  13.54510  29.57170  13.73530  29.70320  13.73190  29.68320  13.34680  29.31390  12.37310  28.44590  10.84360  27.02180  9.17861  25.24321
11.67560  26.88720  15.00250  29.79710  15.17680  29.88830  14.85460  29.73550  14.73670  29.59480  14.58510  29.46770  14.39530  29.36500  14.32200  29.27910  14.22690  29.21060  14.31070  29.22520  14.29700  29.29990  14.39450  29.37670  14.52220  29.55950  14.71210  29.68910  14.71430  29.67330  14.32230  29.29800  13.36900  28.44720  11.84820  27.03750  10.17930  25.25620
12.27920  26.50290  15.97110  29.76770  16.16890  29.88350  15.84980  29.73650  15.72960  29.58960  15.56960  29.46150  15.37780  29.35390  15.30260  29.26700  15.20940  29.19710  15.28980  29.20820  15.26460  29.27650  15.36470  29.35500  15.49330  29.53680  15.67960  29.66090  15.68330  29.64640  15.24900  29.22810  14.33720  28.41540  12.85520  27.05000  11.18700  25.27130
12.81890  26.05230  16.90150  29.70080  17.14650  29.86480  16.84070  29.72930  16.71500  29.57920  16.55050  29.44790  16.35340  29.33210  16.27900  29.24550  16.18430  29.17210  16.25130  29.16990  16.19990  29.21560  16.30770  29.29930  16.44260  29.48620  16.59160  29.57300  16.59570  29.55650  15.99450  28.97360  15.17030  28.24200  13.86420  27.05810  12.20170  25.28520
13.30970  25.54890  17.70210  29.50970  18.07730  29.80150  17.81330  29.70660  17.68810  29.55560  17.52090  29.42130  17.28030  29.26160  17.22710  29.19540  17.10730  29.09480  17.10520  29.02100  16.96180  28.98120  17.09090  29.08310  17.25980  29.30010  17.28900  29.26530  17.29400  29.24860  16.52910  28.50370  15.75660  27.81530  14.86600  27.05210  13.22370  25.29800
13.75890  24.99910  18.23080  29.05990  18.87160  29.59470  18.72910  29.62300  18.61300  29.48930  18.45000  29.34880  18.12750  29.10590  18.08830  29.05710  17.88840  28.88550  17.79540  28.72090  17.56970  28.59190  17.67920  28.66650  17.83850  28.87040  17.79790  28.76090  17.81180  28.76300  16.93860  27.92880  16.16960  27.23740  15.80740  26.97620  14.25020  25.30700
14.20830  24.44680  18.51550  28.37986  19.35470  29.06438  19.51650  29.42030  19.44050  29.33123  19.30140  29.19974  18.92860  28.91682  18.87660  28.86557  18.61270  28.62770  18.47190  28.41350  18.22120  28.23900  18.27760  28.27126  18.36400  28.41220  18.29920  28.28313  18.30060  28.27050  17.34440  27.35410  16.54320  26.62140  16.51120  26.68540  15.23040  25.30230
14.67690  23.90974  18.71740  27.62079  19.53310  28.23364  20.07790  28.98659  20.08340  28.99380  20.01130  28.92784  19.66620  28.67152  19.61650  28.62169  19.35520  28.38356  19.21670  28.16887  18.94930  27.98782  18.97720  27.98745  18.99200  28.05991  18.90510  27.90271  18.87110  27.85400  17.84160  26.86444  16.98530  26.06737  17.01650  26.19487  16.13550  25.22012
15.15860  23.38419  18.85720  26.79750  19.60690  27.31535  20.30260  28.20838  20.43390  28.37357  20.42220  28.35575  20.09720  28.11888  20.10150  28.11959  19.96290  27.99377  19.92230  27.88383  19.70680  27.76380  19.71770  27.73735  19.68590  27.76699  19.58510  27.59048  19.52940  27.51560  18.45980  26.48762  17.55070  25.63064  17.47660  25.64849  16.83130  24.91632
15.65640  22.87129  18.92750  25.90503  19.65210  26.38412  20.32180  27.22423  20.50980  27.49674  20.50740  27.46284  20.24640  27.27923  20.32290  27.34921  20.30340  27.32654  20.34270  27.31318  20.25830  27.34577  20.25150  27.27055  20.23350  27.33226  20.13750  27.14696  20.14600  27.12665  19.17380  26.20172  18.23170  25.30476  18.02070  25.18337  17.36590  24.44316
16.17050  22.37243  18.92710  24.93830  19.68370  25.44740  20.25920  26.16331  20.38140  26.43278  20.33500  26.31543  20.18190  26.22328  20.33260  26.36676  20.43210  26.42792  20.55040  26.53209  20.54870  26.67353  20.55340  26.56300  20.55140  26.67203  20.44700  26.45377  20.54330  26.50819  19.83220  25.85142  18.98120  25.04136  18.68330  24.83562  17.92420  23.98831
16.68580  21.88200  18.86930  23.91383  19.58760  24.39372  19.98710  24.89912  20.12850  25.24067  20.05180  25.05745  19.89780  24.94743  20.09530  25.13739  20.37730  25.31651  20.62080  25.61521  20.70830  25.87174  20.74020  25.73574  20.75690  25.89782  20.66280  25.66178  20.83000  25.77028  20.21180  25.21197  19.62210  24.65819  19.41380  24.55417  18.59710  23.64931
17.19230  21.37906  18.76430  22.84103  19.13840  22.98498  19.39020  23.31138  19.68560  23.85726  19.66420  23.68735  19.46390  23.52050  19.61820  23.66983  20.15070  24.01129  20.55070  24.57184  20.78060  24.98015  20.83750  24.81368  20.87490  25.03758  20.81550  24.80623  21.07270  24.98615  20.45530  24.43023  19.99530  23.99303  20.04290  24.16500  19.33580  23.37068
17.65480  20.82976  18.57380  21.67787  18.22380  21.09769  18.35340  21.29147  18.92910  22.15382  19.10390  22.15245  18.91310  21.97554  19.06730  22.13891  19.81110  22.59131  20.33230  23.39056  20.76950  24.00114  20.85300  23.81072  20.92310  24.10728  20.90350  23.88447  21.27880  24.16392  20.63290  23.57617  20.22120  23.17682  20.42900  23.52479  19.95190  22.96655
18.04460  20.20333  17.94200  20.07591  16.85220  18.73387  17.16710  19.11326  17.72860  19.99383  18.37370  20.44146  18.25340  20.31903  18.54550  20.63412  19.47560  21.19148  19.98850  22.08602  20.67000  22.92940  20.78560  22.72522  20.91060  23.11799  20.92810  22.90085  21.43540  23.29069  20.75310  22.66479  20.39270  22.30795  20.69410  22.77357  20.31390  22.31871
18.27090  19.41184  16.90820  18.06894  15.53160  16.41145  16.19120  17.14238  16.44960  17.73341  17.60260  18.68287  17.61680  18.68190  17.85990  18.96009  19.17680  19.86111  19.58160  20.71523  20.47000  21.75174  20.62780  21.55404  20.84380  22.07516  20.88630  21.85056  21.51590  22.34678  20.82080  21.70532  20.50060  21.38291  20.87330  21.95570  20.55320  21.56160
18.07620  18.18636  5.37091  5.60198  14.44900  14.32663  15.40990  15.36223  15.53350  15.82166  16.91450  17.00308  17.14400  17.20917  17.03700  17.14796  18.82060  18.48733  19.26500  19.41822  20.16480  20.46781  20.37890  20.29784  20.72920  20.98503  20.79280  20.75519  21.48000  21.29334  20.83860  20.70250  20.55440  20.41294  21.01890  21.10653  20.72650  20.74919
5.64993  4.54977  1.07310  0.29792  13.46940  12.32816  14.70430  13.65730  14.91210  14.19837  16.38450  15.48184  16.75260  15.81567  16.31610  15.43330  18.39180  17.04867  19.01380  18.17838  19.77320  19.09356  20.06400  18.98702  20.57260  19.85683  20.66500  19.63111  21.27790  20.08305  20.81260  19.66440  20.56380  19.40687  21.10030  20.21152  20.87360  19.92052