T31_Chip Verification
L004X¡¢L024X¡¢L026X_MML004X_V2-85_-VD=5V&ID=88mA_2025-09-01 15.57.38_85.0deg_Pout vs. Pin.txt 
Pout vs. Pin_Pin(dBm)_Pout(dBm)
1.0GHz  1.5GHz  2.0GHz  2.5GHz  3.0GHz  3.5GHz  4.0GHz  4.5GHz  5.0GHz  5.5GHz  6.0GHz  6.5GHz  7.0GHz  7.5GHz  8.0GHz  8.5GHz  9.0GHz  9.5GHz  10.0GHz
-30.93710  -3.82224  -29.95570  -0.70260  -29.73980  -0.38881  -29.93300  -0.71453  -29.80950  -0.70601  -29.58380  -0.59705  -29.69790  -0.80720  -29.66610  -0.87241  -29.67360  -0.95837  -29.58060  -0.86409  -29.65760  -0.88610  -29.64560  -0.82850  -29.71490  -0.74798  -29.63770  -0.61332  -29.63600  -0.73206  -29.67150  -1.25133  -29.76610  -2.29791  -29.90750  -3.88095  -29.77050  -5.47623
-28.98510  -1.87193  -28.56310  0.69026  -28.51750  0.83418  -28.69740  0.52057  -28.75940  0.34659  -28.57040  0.41739  -28.66560  0.22409  -28.67860  0.11581  -28.65640  0.05916  -28.60500  0.11061  -28.68070  0.09215  -28.66100  0.15966  -28.74290  0.22708  -28.67030  0.35645  -28.66580  0.23786  -28.69260  -0.27065  -28.78940  -1.32272  -28.93830  -2.90528  -28.80120  -4.50438
-27.98220  -0.86776  -27.59560  1.66027  -27.54430  1.80824  -27.70020  1.52337  -27.70720  1.40460  -27.61300  1.37668  -27.69600  1.19333  -27.69880  1.09689  -27.70210  1.01134  -27.66110  1.05486  -27.72790  1.04549  -27.70330  1.11634  -27.77730  1.19217  -27.70980  1.32056  -27.71480  1.19292  -27.72980  0.69603  -27.82280  -0.34737  -27.97340  -1.93911  -27.83610  -3.53488
-26.99890  0.11796  -26.63470  2.62247  -26.56680  2.78668  -26.74260  2.48165  -26.73590  2.37536  -26.65480  2.33394  -26.73290  2.15899  -26.73770  2.05886  -26.74270  1.97018  -26.68760  2.02921  -26.77430  1.99937  -26.74120  2.07848  -26.80460  2.16241  -26.74340  2.28651  -26.73710  2.17200  -26.76810  1.65990  -26.86590  0.61302  -26.99230  -0.95591  -26.85970  -2.55755
-26.05070  1.06955  -25.68940  3.56946  -25.59350  3.75959  -25.75500  3.47046  -25.75630  3.35632  -25.68460  3.30453  -25.77580  3.11622  -25.76990  3.02766  -25.77990  2.93607  -25.71520  3.00280  -25.80030  2.97434  -25.77440  3.04783  -25.84690  3.12534  -25.77830  3.25569  -25.76580  3.14706  -25.78890  2.64560  -25.89160  1.59120  -26.01850  0.02198  -25.89140  -1.58589
-25.07920  2.03814  -24.69160  4.56913  -24.59900  4.75674  -24.78970  4.43655  -24.77630  4.33169  -24.71300  4.27667  -24.80660  4.08472  -24.78890  4.00952  -24.80350  3.91342  -24.74320  3.97577  -24.82750  3.94840  -24.81280  4.01122  -24.87660  4.09624  -24.80930  4.22663  -24.79220  4.12418  -24.81470  3.62569  -24.91850  2.56770  -25.04310  1.00183  -24.91800  -0.61208
-24.05170  3.06603  -23.69980  5.56418  -23.60320  5.75420  -23.80230  5.42469  -23.79150  5.31854  -23.73580  5.25305  -23.83610  5.05672  -23.82330  4.97406  -23.82740  4.89115  -23.76870  4.95078  -23.85550  4.92121  -23.83820  4.98750  -23.89650  5.07863  -23.82760  5.21286  -23.81040  5.11238  -23.83270  4.61403  -23.93800  3.55738  -24.05980  1.99046  -23.93570  0.37577
-23.08500  4.02826  -22.72350  6.54217  -22.62350  6.73644  -22.80810  6.41936  -22.79500  6.31496  -22.75880  6.23029  -22.85380  6.03967  -22.84240  5.95596  -22.84660  5.87150  -22.78890  5.93168  -22.87590  5.90198  -22.85100  5.97728  -22.91560  6.06234  -22.84720  6.19652  -22.82700  6.10035  -22.85130  5.60369  -22.95140  4.55230  -23.07560  2.97872  -22.95270  1.36309
-22.08860  5.01606  -21.72920  7.53899  -21.63440  7.72756  -21.81110  7.41966  -21.79890  7.31331  -21.77670  7.21352  -21.86980  7.02429  -21.85200  6.94655  -21.86180  6.85656  -21.80410  6.91745  -21.89610  6.88424  -21.86620  6.96266  -21.92850  7.05105  -21.86080  7.18616  -21.84010  7.09239  -21.86450  6.59865  -21.96430  5.54886  -22.08600  3.97551  -21.96430  2.35603
-21.09820  5.98972  -20.73070  8.53873  -20.64180  8.72235  -20.81330  8.41655  -20.80540  8.30791  -20.78400  8.20632  -20.87200  8.01954  -20.86450  7.93290  -20.86870  7.85028  -20.81880  7.90345  -20.90970  7.87031  -20.87810  7.95095  -20.94320  8.03799  -20.87410  8.17726  -20.85350  8.08441  -20.87650  7.59787  -20.97660  6.54859  -21.09650  4.97349  -20.97630  3.35013
-20.09970  6.96714  -19.74000  9.53052  -19.64750  9.71725  -19.81360  9.41714  -19.80730  9.30463  -19.79540  9.19366  -19.88290  9.00841  -19.87500  8.92148  -19.88330  8.83309  -19.82970  8.89023  -19.92190  8.85894  -19.88990  8.94134  -19.95520  9.02943  -19.88490  9.17087  -19.86320  9.08372  -19.88430  8.60010  -19.98650  7.55120  -20.10460  5.97527  -19.98450  4.34947
-19.11120  7.91698  -18.74070  10.52870  -18.65200  10.71410  -18.81610  10.41560  -18.81050  10.29890  -18.80650  10.18190  -18.89200  9.99914  -18.88620  9.90893  -18.89220  9.82408  -18.84010  9.88125  -18.93350  9.84796  -18.89780  9.93468  -18.96360  10.02280  -18.89330  10.16670  -18.86990  10.08430  -18.89190  9.60463  -18.99180  8.55884  -19.10960  6.98020  -18.99100  5.35030
-18.11030  8.84720  -17.74530  11.52020  -17.65500  11.71120  -17.81700  11.41710  -17.81180  11.29840  -17.81330  11.17330  -17.90070  10.98850  -17.89450  10.89920  -17.90060  10.81420  -17.84990  10.87040  -17.94150  10.83840  -17.90650  10.92700  -17.97240  11.01500  -17.90130  11.16110  -17.87820  11.08120  -17.89640  10.61120  -18.00020  9.56531  -18.11250  7.98941  -17.99490  6.35652
-17.12030  9.71409  -16.75040  12.50770  -16.65700  12.70760  -16.82470  12.41040  -16.81520  12.29270  -16.82160  12.16220  -16.90730  11.97830  -16.89910  11.88930  -16.90910  11.80330  -16.85930  11.85770  -16.95010  11.82760  -16.91570  11.91480  -16.98630  11.99940  -16.91630  12.14720  -16.89290  12.07130  -16.90630  11.61010  -17.01530  10.56530  -17.12940  8.98767  -17.01590  7.34699
-16.13380  10.49860  -15.75260  13.48990  -15.66340  13.69730  -15.82900  13.40460  -15.82190  13.28290  -15.83370  13.14500  -15.91670  12.96370  -15.91040  12.87220  -15.92060  12.78750  -15.87200  12.84070  -15.96390  12.80940  -15.92930  12.89530  -15.99880  12.98270  -15.92870  13.13070  -15.90590  13.05970  -15.91820  12.60320  -16.02610  11.56800  -16.14590  9.98597  -16.03290  8.34044
-15.15030  11.18370  -14.75830  14.45500  -14.66850  14.68060  -14.83640  14.39240  -14.82890  14.26910  -14.84500  14.12570  -14.92640  13.94560  -14.91880  13.85470  -14.92700  13.77190  -14.87810  13.82500  -14.97530  13.78780  -14.94280  13.87270  -15.01080  13.96170  -14.93950  14.10950  -14.91420  14.04380  -14.92820  13.58710  -15.03240  12.56870  -15.15920  10.98870  -15.04810  9.33963
-14.16360  11.78800  -13.76160  15.39590  -13.67190  15.65730  -13.84120  15.37740  -13.83300  15.25350  -13.85470  15.10530  -13.93220  14.92620  -13.92680  14.83340  -13.93250  14.75350  -13.88360  14.80410  -13.98580  14.75910  -13.95160  14.84470  -14.01750  14.93530  -13.94370  15.08160  -13.91920  15.01980  -13.93370  14.55400  -14.03550  13.55890  -14.16560  11.99610  -14.05600  10.34590
-13.17330  12.33790  -12.76710  16.27890  -12.67500  16.60970  -12.84680  16.35220  -12.83780  16.22680  -12.86080  16.07890  -12.93730  15.89680  -12.93140  15.80580  -12.93560  15.72660  -12.88560  15.77250  -12.99150  15.71500  -12.95560  15.80310  -13.01970  15.89570  -12.94610  16.03070  -12.91890  15.97560  -12.93420  15.45400  -13.03100  14.51660  -13.16700  13.00570  -13.05790  11.35960
-12.18010  12.84300  -11.77950  17.03320  -11.68060  17.50180  -11.85190  17.30580  -11.84340  17.18010  -11.86620  17.03620  -11.94040  16.84530  -11.93420  16.76070  -11.93680  16.67660  -11.88500  16.69920  -11.99470  16.59800  -11.95700  16.70320  -12.01860  16.81410  -11.94350  16.90170  -11.91480  16.85490  -11.93170  16.18490  -12.02320  15.33060  -12.16060  14.01610  -12.05030  12.37940
-11.18260  13.31320  -10.80410  17.55700  -10.67800  18.24010  -10.85400  18.20210  -10.85420  18.08270  -10.86780  17.95970  -10.94050  17.73010  -10.93640  17.66370  -10.94680  17.54210  -10.89810  17.49980  -10.99710  17.33600  -10.95250  17.45540  -11.01230  17.59790  -10.93390  17.60340  -10.91530  17.56160  -10.94910  16.75340  -11.03880  15.92880  -11.14670  15.01360  -11.03640  13.40360
-10.18280  13.77560  -9.83983  17.89530  -9.66723  18.66750  -9.86493  18.94720  -9.87236  18.87580  -9.86941  18.79210  -9.95348  18.52280  -9.95729  18.46330  -9.96750  18.30970  -9.91660  18.22710  -9.99423  18.03240  -9.95887  18.12390  -10.02820  18.24130  -9.95581  18.19910  -9.93510  18.16290  -9.97082  17.27400  -10.05590  16.43070  -10.15720  15.91940  -10.05300  14.38800
-9.17828  14.24490  -8.87707  18.15750  -8.66757  18.87530  -8.86937  19.41300  -8.89458  19.46140  -8.89095  19.42880  -8.97436  19.16500  -8.97623  19.14180  -8.98313  19.01410  -8.92991  18.93280  -9.01977  18.72190  -8.97786  18.79110  -9.05124  18.86530  -8.97239  18.80610  -8.95071  18.76690  -8.98655  17.82610  -9.06550  16.94700  -9.17038  16.65190  -9.06853  15.35500
-8.17306  14.72080  -7.91238  18.34990  -7.68082  19.00480  -7.86767  19.59600  -7.93073  19.76580  -7.91009  19.78440  -7.99326  19.54040  -7.99201  19.58500  -7.99030  19.55680  -7.94177  19.53290  -8.04596  19.36310  -7.98952  19.41360  -8.07012  19.46260  -7.98340  19.39950  -7.95558  19.38460  -7.99443  18.43510  -8.06691  17.52710  -8.17238  17.25780  -8.07603  16.25920
-7.16422  15.20300  -6.94774  18.46160  -6.70775  19.09950  -6.86983  19.65590  -6.98432  19.81110  -6.93622  19.84580  -7.00652  19.67750  -7.00357  19.78900  -6.98561  19.85400  -6.95124  19.91020  -7.07902  19.83420  -6.99291  19.86860  -7.09274  19.91470  -6.98996  19.85700  -6.95146  19.92030  -6.99531  19.06380  -7.06242  18.16640  -7.16746  17.85280  -7.07466  17.00540
-6.15120  15.69010  -5.97971  18.49660  -5.73914  19.16600  -5.87567  19.63260  -6.04522  19.71670  -5.96248  19.70220  -6.01541  19.61390  -6.01297  19.79090  -5.95573  19.94940  -5.96431  20.10070  -6.11757  20.10500  -5.98640  20.15070  -6.11562  20.20020  -5.99059  20.14380  -5.93828  20.28720  -5.98678  19.59110  -6.04968  18.81310  -6.15948  18.49050  -6.06527  17.65680
-5.14803  16.16410  -5.01166  18.46690  -4.77926  19.10500  -4.88425  19.40300  -5.10065  19.52670  -4.98555  19.48610  -5.02388  19.35980  -5.02199  19.57220  -4.89836  19.87900  -4.98002  20.15610  -5.15504  20.25190  -4.97550  20.32180  -5.13638  20.38260  -4.98583  20.34460  -4.91754  20.55660  -4.97073  19.92540  -5.02749  19.35060  -5.15076  19.14120  -5.05613  18.31540
-4.14072  16.61490  -4.04268  18.37810  -3.81918  18.70630  -3.89457  18.86250  -4.15642  19.14950  -4.00364  19.17240  -4.03032  18.99260  -4.03239  19.15080  -3.82353  19.66220  -4.00763  20.08300  -4.19080  20.31790  -3.95855  20.41430  -4.15857  20.48770  -3.97915  20.48270  -3.89393  20.78010  -3.94879  20.14790  -3.99429  19.70300  -4.13808  19.69810  -4.04156  18.98360
-3.13181  17.00370  -3.06935  18.19850  -2.84427  17.83330  -2.91191  17.90490  -3.20456  18.46460  -3.02850  18.69650  -3.03566  18.53070  -3.05171  18.66340  -2.75322  19.37100  -3.04329  19.88260  -3.22197  20.31100  -2.94303  20.43860  -3.18064  20.53350  -2.97186  20.56330  -2.86824  20.96240  -2.91947  20.30530  -2.95460  19.92960  -3.11364  20.07820  -3.02224  19.54610
-2.11794  17.29040  -2.09734  17.61150  -1.85205  16.53810  -1.92071  16.80690  -2.23974  17.41240  -2.04717  18.05320  -2.03952  17.94470  -2.06697  18.17140  -1.69935  19.08940  -2.07939  19.58130  -2.24887  20.22690  -1.92706  20.39050  -2.20289  20.52670  -1.96473  20.58320  -1.84262  21.09290  -1.89114  20.40950  -1.92201  20.07840  -2.09786  20.33960  -2.01267  19.90930
-1.09858  17.39400  -1.12396  16.60120  -0.85227  15.22810  -0.92665  15.84500  -1.25503  16.26380  -1.05934  17.33730  -1.04070  17.35110  -1.07767  17.53870  -0.67558  18.83210  -1.11245  19.23130  -1.27111  20.05500  -0.91559  20.26250  -1.22654  20.47400  -0.95850  20.54370  -0.82242  21.15050  -0.86679  20.46740  -0.89383  20.17470  -1.09547  20.52620  -1.01440  20.15580
-0.06834  17.18420  -0.18937  6.92164  0.14691  14.13740  0.07332  15.04580  -0.25881  15.35190  -0.06709  16.66860  -0.04106  16.87270  -0.08683  16.81870  0.33501  18.53040  -0.13359  18.94110  -0.29274  19.79020  0.08948  20.04920  -0.25043  20.37860  0.04202  20.45640  0.19105  21.10740  0.15039  20.48530  0.12577  20.22790  -0.10519  20.65800  -0.02643  20.34390
1.10261  7.24291  0.81015  2.40611  1.16125  13.17640  1.07140  14.34290  0.74105  14.69600  0.92351  16.11160  0.96071  16.45280  0.90798  16.15080  1.33601  18.15310  0.85378  18.70110  0.68927  19.44960  1.08509  19.76670  0.72167  20.24060  1.03802  20.33460  1.19610  20.93430  1.15977  20.46680  1.13793  20.24670  0.87212  20.74390  0.95079  20.49070
2.15646  4.27809  1.82388  0.09573  2.16975  12.32660  2.07505  13.72020  1.73405  14.15020  1.91100  15.69800  1.96296  16.08540  1.90365  15.63880  2.32916  17.73990  1.83815  18.42640  1.67403  19.12850  2.07031  19.45530  1.69096  20.07280  2.02409  20.20030  2.18840  20.63550  2.15864  20.41210  2.13975  20.23080  1.83839  20.79590  1.91687  20.60560