T31_Chip Verification
L004X¡¢L024X¡¢L026X_MML004X_V2-40_-VD=4V&ID=65mA_2025-09-01 15.37.45_-40.0deg_Gain vs. Pout.txt 
Gain vs. Pout_Pout(dBm)_Gain(dB)
1.0GHz  1.5GHz  2.0GHz  2.5GHz  3.0GHz  3.5GHz  4.0GHz  4.5GHz  5.0GHz  5.5GHz  6.0GHz  6.5GHz  7.0GHz  7.5GHz  8.0GHz  8.5GHz  9.0GHz  9.5GHz  10.0GHz
-2.99534  28.14186  0.13506  30.23706  0.42623  30.26083  0.19793  30.09153  0.01634  29.95904  0.13205  29.83615  -0.07069  29.73051  -0.15026  29.63584  -0.25595  29.55595  -0.14383  29.54737  -0.14850  29.59060  -0.11322  29.63338  0.00897  29.78217  0.13905  29.88415  0.08284  29.84414  -0.29055  29.48585  -1.21508  28.67432  -2.65063  27.32537  -4.19546  25.64204
-1.05642  28.13178  1.48948  30.23338  1.61584  30.25644  1.26308  30.09508  1.16610  29.96390  1.18665  29.83285  0.94595  29.73295  0.87396  29.63726  0.75037  29.55337  0.82742  29.54323  0.82942  29.59242  0.85911  29.63381  0.98335  29.78675  1.11815  29.88675  1.06073  29.84453  0.67108  29.48958  -0.23520  28.68180  -1.66823  27.33287  -3.22066  25.64654
0.03341  28.11621  2.55905  30.23195  2.62601  30.25761  2.26982  30.09492  2.16280  29.96040  2.15016  29.83586  1.93794  29.73314  1.84494  29.63714  1.70729  29.55449  1.80183  29.55003  1.79667  29.59437  1.83206  29.63596  1.95496  29.79036  2.08869  29.89409  2.03557  29.85097  1.65012  29.49942  0.74400  28.68790  -0.69027  27.33834  -2.24539  25.64971
0.98983  28.10273  3.48562  30.23112  3.62056  30.25676  3.25241  30.09101  3.13050  29.96440  3.09633  29.83463  2.89954  29.73514  2.80424  29.64124  2.69165  29.55725  2.76837  29.54887  2.76277  29.59727  2.79462  29.64052  2.92556  29.79466  3.05867  29.89777  3.01414  29.85884  2.62399  29.50609  1.72186  28.69496  0.28621  27.34531  -1.27503  25.65407
1.93954  28.08564  4.47880  30.23000  4.56983  30.25713  4.25983  30.09133  4.11344  29.96304  4.07412  29.83412  3.85754  29.73564  3.78160  29.64330  3.65969  29.55839  3.74459  29.54719  3.72823  29.59773  3.76656  29.64206  3.89676  29.79606  4.02876  29.90236  3.99162  29.86352  3.61313  29.51673  2.70333  28.70783  1.26880  27.35130  -0.29626  25.66084
2.89939  28.05719  5.45219  30.22339  5.56566  30.25756  5.21020  30.09470  5.10287  29.96667  5.03473  29.83873  4.84335  29.73795  4.75689  29.64379  4.63446  29.56366  4.72410  29.55210  4.70770  29.60490  4.74562  29.64592  4.87064  29.79994  5.00840  29.90970  4.97705  29.87365  4.60082  29.52902  3.69389  28.72209  2.26196  27.36336  0.68468  25.66628
3.84803  28.01983  6.44581  30.21951  6.55839  30.25559  6.21305  30.09505  6.10123  29.96413  6.00808  29.83778  5.81644  29.73934  5.73386  29.64516  5.61468  29.56498  5.70445  29.55625  5.68100  29.60650  5.72026  29.65096  5.85723  29.80543  6.00052  29.91592  5.96988  29.88268  5.59937  29.54407  4.69074  28.73764  3.25603  27.37423  1.67613  25.67443
4.79339  27.96529  7.42457  30.20877  7.55685  30.25285  7.20990  30.09780  7.10210  29.96600  6.99670  29.84000  6.79696  29.74076  6.71788  29.64718  6.60227  29.56497  6.68739  29.56039  6.66527  29.61027  6.71373  29.65513  6.84180  29.81300  6.98981  29.92681  6.96425  29.89345  6.60245  29.55945  5.69208  28.75598  4.25634  27.38824  2.67230  25.68790
5.68156  27.89106  8.39285  30.19295  8.53788  30.25018  8.20479  30.09749  8.09771  29.96711  7.98583  29.84103  7.79124  29.74264  7.70474  29.64864  7.59116  29.56866  7.67665  29.56385  7.65814  29.61484  7.70400  29.66120  7.83831  29.81911  7.98760  29.93420  7.96247  29.90567  7.60171  29.57721  6.69890  28.77310  5.26059  27.40339  3.67283  25.69753
6.58520  27.78640  9.36445  30.16945  9.52472  30.24062  9.19513  30.09513  9.08858  29.96708  8.97408  29.84028  8.77913  29.74283  8.69766  29.65086  8.58356  29.57296  8.66479  29.56719  8.64766  29.62166  8.69834  29.66564  8.83056  29.82626  8.98220  29.94410  8.96366  29.91886  8.60902  29.59522  7.70963  28.79543  6.26781  27.42051  4.67435  25.71205
7.43174  27.64594  10.32470  30.13110  10.50680  30.22810  10.18720  30.08770  10.08300  29.96400  9.96085  29.83925  9.76762  29.74372  9.68717  29.65097  9.57359  29.57279  9.65516  29.56846  9.64012  29.62312  9.69217  29.66957  9.82372  29.83172  9.97918  29.95128  9.96605  29.93015  9.61819  29.61099  8.72030  28.81390  7.27688  27.43918  5.68014  25.72604
8.23389  27.45739  11.27200  30.07740  11.47970  30.20520  11.17710  30.08000  11.07380  29.95710  10.94790  29.83510  10.75510  29.73780  10.67280  29.64700  10.56180  29.57060  10.64430  29.56630  10.62600  29.62300  10.68270  29.67060  10.81650  29.83060  10.97440  29.95300  10.96500  29.93490  10.61990  29.62020  9.72899  28.82969  8.28972  27.45762  6.68895  25.74125
8.96629  27.20029  12.19500  30.00290  12.44810  30.17210  12.16730  30.06550  12.06140  29.94590  11.93240  29.82400  11.74010  29.73100  11.66020  29.63930  11.54840  29.56420  11.63040  29.56230  11.61290  29.61880  11.67120  29.66480  11.80500  29.82750  11.95980  29.94770  11.95460  29.93560  11.61540  29.61950  10.72690  28.83500  9.30174  27.47134  7.69833  25.75433
9.60979  26.85999  13.09030  29.90600  13.39850  30.12650  13.13690  30.04460  13.04240  29.92870  12.90850  29.81010  12.72070  29.71710  12.64000  29.62630  12.52940  29.55460  12.61020  29.55200  12.59510  29.60880  12.65070  29.65500  12.77510  29.81360  12.92890  29.93150  12.92880  29.92150  12.59120  29.60600  11.70800  28.83050  10.29680  27.48190  8.69199  25.76869
10.17430  26.43880  13.96100  29.78080  14.33330  30.06280  14.10060  30.01470  14.01280  29.90630  13.87980  29.79190  13.69450  29.69950  13.61050  29.60860  13.50190  29.53790  13.58200  29.53390  13.56370  29.59050  13.61830  29.63610  13.74030  29.79210  13.89080  29.90580  13.89180  29.89760  13.54210  29.56880  12.67380  28.80690  11.28420  27.48640  9.68385  25.77935
10.68490  25.95760  14.79060  29.61510  15.24340  29.97400  15.05470  29.97160  14.97320  29.87340  14.84030  29.76560  14.65740  29.67350  14.57770  29.58440  14.47110  29.51350  14.54740  29.50800  14.52090  29.56070  14.57180  29.60190  14.68950  29.75300  14.83120  29.85780  14.83410  29.84910  14.42980  29.46900  13.59630  28.73780  12.26830  27.48410  10.67810  25.78810
11.15900  25.43460  15.54400  29.37890  16.11920  29.84730  15.98700  29.91000  15.91930  29.82460  15.79220  29.72630  15.60780  29.63230  15.52970  29.54470  15.42420  29.47300  15.48620  29.45190  15.42960  29.48060  15.48680  29.52690  15.60450  29.67600  15.70670  29.73830  15.69920  29.71990  15.18010  29.22560  14.39690  28.54290  13.24340  27.46620  11.67100  25.78980
11.61360  24.88820  16.16320  29.01650  16.90860  29.63400  16.87560  29.80380  16.82940  29.74320  16.71750  29.65790  16.49100  29.52030  16.43020  29.45090  16.30780  29.36050  16.31540  29.28230  16.19150  29.25030  16.26110  29.30640  16.39430  29.46730  16.40640  29.43990  16.39070  29.41170  15.76410  28.81370  15.02520  28.16560  14.19320  27.41670  12.66200  25.78270
12.07840  24.34770  16.64460  28.52770  17.53430  29.26120  17.65830  29.58890  17.65090  29.57220  17.56030  29.50690  17.27260  29.30610  17.22560  29.25210  17.05230  29.10800  16.98750  28.95220  16.77390  28.84360  16.81840  28.86770  16.94890  29.02220  16.89600  28.92700  16.90010  28.91540  16.19860  28.24680  15.48520  27.61230  15.05200  27.26920  13.64680  25.76160
12.56070  23.82560  17.02530  27.94250  17.96720  28.69150  18.27150  29.20410  18.28610  29.22610  18.25130  29.20020  17.92650  28.95990  17.88710  28.91860  17.65580  28.72310  17.55320  28.53070  17.29020  28.36810  17.26290  28.31170  17.33490  28.40850  17.26750  28.29090  17.30230  28.31660  16.53210  27.59710  15.82730  26.96180  15.74980  26.94990  14.60030  25.70080
13.06470  23.32540  17.28070  27.23451  18.20670  27.93623  18.66230  28.60441  18.65580  28.62857  18.70550  28.66016  18.39280  28.44090  18.36520  28.42240  18.10860  28.19000  18.08260  28.07882  17.85750  27.93780  17.75300  27.81060  17.71940  27.81630  17.62860  27.67570  17.66360  27.69820  16.83410  26.91990  16.12040  26.26350  16.25720  26.45970  15.41650  25.53340
13.59700  22.84942  17.40630  26.39925  18.29980  27.04662  18.80940  27.75667  18.80280  27.81721  18.91010  27.89268  18.63740  27.70808  18.68190  27.76214  18.45700  27.54470  18.50910  27.52501  18.42540  27.53985  18.29890  27.37514  18.19300  27.31876  18.06370  27.12840  18.04380  27.09093  17.19520  26.29601  16.43680  25.58094  16.64350  25.84810  16.06640  25.19474
14.15910  22.40467  17.43970  25.46987  18.27570  26.05061  18.75610  26.70898  18.75910  26.83068  18.85930  26.87168  18.70160  26.79382  18.79860  26.89884  18.69570  26.77956  18.78070  26.81694  18.80370  26.95920  18.68150  26.76736  18.57550  26.73043  18.39940  26.47715  18.38950  26.43896  17.71420  25.82130  16.89750  25.03776  16.99290  25.19028  16.54960  24.67821
14.74870  21.98730  17.41480  24.48056  18.06140  24.87270  18.49140  25.45163  18.53190  25.66955  18.59660  25.64245  18.58900  25.69930  18.73630  25.85279  18.77080  25.83679  18.92440  25.98001  19.02140  26.22260  18.92300  26.00921  18.84020  26.02516  18.61690  25.70274  18.66030  25.70167  18.23370  25.34010  17.53650  24.66803  17.42310  24.61026  16.94290  24.06508
15.36080  21.58962  17.34510  23.44199  17.57080  23.41891  17.96300  23.93085  18.13100  24.33223  18.21570  24.28925  18.27080  24.39596  18.42940  24.56254  18.66130  24.68317  18.94670  25.02509  19.14210  25.38829  19.07460  25.15430  19.01600  25.23219  18.79200  24.87766  18.90150  24.92905  18.56240  24.65657  18.09740  24.20763  17.98870  24.16611  17.40240  23.51489
15.97810  21.20634  17.13750  22.26927  16.81370  21.69656  17.06380  22.03867  17.53550  22.78757  17.69050  22.78666  17.71350  22.84930  17.90070  23.04946  18.38780  23.33878  18.82310  23.92826  19.17360  24.46009  19.14530  24.21377  19.11840  24.36059  18.91870  23.99907  19.12770  24.13388  18.78770  23.86188  18.44050  23.51737  18.46580  23.63313  17.99170  23.09922
16.59120  20.81732  16.57170  20.74755  15.78990  19.69532  16.00900  19.99005  16.64180  20.94129  17.02180  21.13190  16.96170  21.09994  17.31220  21.47257  18.04390  21.91912  18.55380  22.69810  19.10790  23.43209  19.12280  23.17430  19.15450  23.42254  19.00860  23.08319  19.34100  23.32190  18.95570  23.00517  18.64260  22.68914  18.79150  22.94751  18.45000  22.55038
17.10570  20.32725  15.78410  19.00282  14.70520  17.63108  15.13320  18.12804  15.49690  18.83314  16.28800  19.41853  16.23030  19.36909  16.64690  19.82253  17.71370  20.54232  18.19720  21.38224  18.94140  22.29768  19.00070  22.03587  19.11770  22.40937  19.04430  22.11171  19.52680  22.47893  19.06570  22.08204  18.74280  21.78503  19.03010  22.17113  18.72390  21.81560
17.30120  19.50906  14.99580  17.24898  13.80520  15.74883  14.49650  16.50142  14.50700  16.86690  15.62170  17.76716  15.68360  17.82363  15.78820  17.97540  17.35240  19.15254  17.82900  20.04230  18.68550  21.06729  18.79320  20.81343  19.02110  21.33680  19.02440  21.08468  19.65790  21.57923  19.13400  21.12180  18.85690  20.85743  19.18770  21.36823  18.93190  21.02426
16.93330  18.10988  1.16342  2.49387  13.00280  13.95531  13.93570  14.94980  13.86650  15.24092  15.12900  16.28558  15.32420  16.46265  15.01200  16.20641  16.94620  17.71717  17.51840  18.74517  18.34860  19.74868  18.51130  19.52263  18.88270  20.22186  18.95380  20.00725  19.66890  20.56461  19.15530  20.11609  18.98050  19.89709  19.30010  20.50821  19.10980  20.21351
0.67354  0.61062  -2.14060  -1.80805  12.19090  12.15023  13.38220  13.40373  13.40470  13.79059  14.80940  14.97869  15.08090  15.21583  14.47740  14.67683  16.55190  16.29323  17.21710  17.45516  17.97540  18.38871  18.18770  18.19702  18.69680  19.05847  18.83970  18.89273  19.47340  19.35220  19.11870  19.05872  18.96990  18.86101  19.40320  19.59409  19.22240  19.34659
-1.47963  -2.56181  -4.11066  -4.79115  -2.27985  -3.17384  12.86710  11.89420  4.15664  3.60426  14.59990  13.78627  14.91140  14.03992  14.22150  13.42293  16.23050  14.93996  16.93310  16.18796  17.70500  17.12513  17.89060  16.90741  18.47870  17.86567  18.70780  17.76607  19.10690  17.98080  19.04280  17.96990  18.91030  17.78651  19.49660  18.68043  19.35110  18.50182