T31_Chip Verification
L004X¡¢L024X¡¢L026X_MML004X_V2-25_-VD=4V&ID=67mA_2025-09-01 15.00.12_25.0deg_OIP3 vs. Frequency.txt 
OIP3 vs. Frequency_Frequency(GHz)_OIP3(dBm)
OIP3
1.00000  20.47595
1.50000  26.35788
2.00000  28.39974
2.50000  29.84427
3.00000  29.93431
3.50000  29.80950
4.00000  29.43038
4.50000  29.39994
5.00000  29.88445
5.50000  29.41021
6.00000  28.82298
6.50000  28.59692
7.00000  28.70827
7.50000  28.13592
8.00000  27.92016
8.50000  27.31332
9.00000  26.92725
9.50000  27.73983
10.00000  28.09031