T31_Chip Verification
L004X¡¢L024X¡¢L026X_MML004X_V2-25_-VD=4.5V&ID=78mA_2025-09-01 15.03.07_25.0deg_Psat.txt 
Saturation Power vs. Frequency_Frequency(GHz)_Psat(dBm)
Psat
1.00000  17.52830
1.50000  18.12050
2.00000  18.92190
2.50000  19.50180
3.00000  19.59420
3.50000  19.62080
4.00000  19.35520
4.50000  19.46710
5.00000  19.52920
5.50000  19.70770
6.00000  19.89620
6.50000  19.94380
7.00000  20.00640
7.50000  19.97110
8.00000  20.59130
8.50000  19.97570
9.00000  19.74840
9.50000  20.25880
10.00000  20.04040