T31_Chip Verification
L004X¡¢L024X¡¢L026X_MML004X_V2-25_-VD=5V&ID=90mA_2025-09-01 15.05.38_25.0deg_Pout vs. Pin.txt 
Pout vs. Pin_Pin(dBm)_Pout(dBm)
1.0GHz  1.5GHz  2.0GHz  2.5GHz  3.0GHz  3.5GHz  4.0GHz  4.5GHz  5.0GHz  5.5GHz  6.0GHz  6.5GHz  7.0GHz  7.5GHz  8.0GHz  8.5GHz  9.0GHz  9.5GHz  10.0GHz
-31.10110  -3.43267  -30.09310  -0.31727  -29.82950  0.01412  -29.91500  -0.21460  -29.92480  -0.33890  -29.67930  -0.20576  -29.76720  -0.38507  -29.74810  -0.45364  -29.75270  -0.52757  -29.67210  -0.43034  -29.71910  -0.40407  -29.70370  -0.31717  -29.75060  -0.19393  -29.71040  -0.03897  -29.70510  -0.08569  -29.73600  -0.52081  -29.83900  -1.51865  -29.97190  -3.06275  -29.81590  -4.65337
-29.08840  -1.41793  -28.70160  1.07863  -28.62340  1.22403  -28.79920  0.90785  -28.80970  0.77792  -28.65420  0.81864  -28.74630  0.63581  -28.74420  0.54982  -28.76740  0.45869  -28.67060  0.57004  -28.73720  0.57893  -28.73350  0.65723  -28.77440  0.78435  -28.73520  0.93800  -28.73950  0.88749  -28.76300  0.45634  -28.86400  -0.54162  -28.98830  -2.07157  -28.85330  -3.68739
-28.13220  -0.45570  -27.74370  2.03652  -27.58350  2.26596  -27.80700  1.89162  -27.79640  1.79075  -27.67230  1.79734  -27.75960  1.61831  -27.77670  1.52406  -27.78740  1.44032  -27.71390  1.52803  -27.78230  1.53519  -27.77420  1.61503  -27.82420  1.73501  -27.77780  1.90071  -27.77440  1.85045  -27.79670  1.42603  -27.89460  0.43145  -28.02350  -1.10252  -27.88640  -2.71648
-27.05530  0.62335  -26.69390  3.08960  -26.61010  3.24024  -26.81720  2.88940  -26.80970  2.77782  -26.71500  2.76068  -26.80630  2.57772  -26.79390  2.50424  -26.83040  2.39995  -26.73910  2.50367  -26.81860  2.50038  -26.80030  2.58969  -26.85470  2.70572  -26.81240  2.86729  -26.79730  2.83080  -26.83140  2.39712  -26.93080  1.40204  -27.04740  -0.12582  -26.91000  -1.74027
-26.06950  1.61505  -25.73040  4.05920  -25.64860  4.20225  -25.83190  3.87600  -25.82350  3.76441  -25.74970  3.72346  -25.83420  3.55023  -25.82490  3.47407  -25.84650  3.38071  -25.76690  3.47723  -25.84550  3.47475  -25.83490  3.55511  -25.88910  3.67417  -25.83630  3.84588  -25.82590  3.80990  -25.85930  3.37363  -25.95580  2.38027  -26.06770  0.85875  -25.93830  -0.76581
-25.12260  2.56688  -24.74400  5.04871  -24.66870  5.18531  -24.84860  4.86323  -24.82290  4.76419  -24.76300  4.71147  -24.87270  4.51137  -24.85400  4.44646  -24.87990  4.35160  -24.80370  4.44245  -24.87080  4.44960  -24.86900  4.52358  -24.91470  4.65007  -24.86540  4.81850  -24.85190  4.78886  -24.87530  4.36396  -24.97770  3.36740  -25.08850  1.84291  -24.96200  0.21449
-24.14300  3.54488  -23.75320  6.04505  -23.67580  6.18127  -23.85290  5.85776  -23.81940  5.77175  -23.79690  5.67667  -23.89950  5.48343  -23.87250  5.42737  -23.89530  5.33318  -23.82060  5.42582  -23.89940  5.42168  -23.88780  5.50605  -23.93910  5.63071  -23.88040  5.80885  -23.87080  5.77430  -23.89510  5.35430  -23.99350  4.35656  -24.10430  2.83337  -23.98120  1.19860
-23.14650  4.54183  -22.76300  7.03586  -22.68850  7.17157  -22.87090  6.84481  -22.83620  6.75554  -22.81350  6.66321  -22.90690  6.47647  -22.89100  6.41030  -22.91420  6.31592  -22.83400  6.41127  -22.91710  6.40355  -22.90530  6.49040  -22.95030  6.61997  -22.89620  6.79708  -22.88220  6.76800  -22.90970  6.34481  -23.01200  5.34800  -23.11670  3.82557  -22.99250  2.19158
-22.16240  5.51875  -21.77430  8.03068  -21.68920  8.17415  -21.86310  7.85360  -21.84290  7.74825  -21.82420  7.65264  -21.92140  7.46204  -21.89740  7.40184  -21.92930  7.30181  -21.84930  7.39665  -21.92900  7.39418  -21.91790  7.47926  -21.96520  7.60714  -21.90850  7.78741  -21.89640  7.76025  -21.92360  7.34087  -22.02240  6.34819  -22.12730  4.82391  -22.00530  3.18439
-21.16880  6.49841  -20.77820  9.03130  -20.69310  9.17520  -20.86700  8.85236  -20.84530  8.74877  -20.83080  8.64703  -20.92740  8.45672  -20.90990  8.39027  -20.93830  8.29150  -20.86330  8.38433  -20.94720  8.37714  -20.92840  8.47063  -20.97600  8.59861  -20.92140  8.77990  -20.90810  8.75512  -20.93240  8.34366  -21.02940  7.35123  -21.13590  5.82251  -21.01580  4.18010
-20.16760  7.47252  -19.78120  10.03360  -19.69940  10.17320  -19.86620  9.85565  -19.84460  9.75058  -19.84000  9.63565  -19.93580  9.44687  -19.91960  9.38039  -19.94680  9.28439  -19.87470  9.37364  -19.95520  9.36955  -19.93700  9.46326  -19.98790  9.58982  -19.93120  9.77320  -19.91610  9.75504  -19.93900  9.34799  -20.03910  8.35535  -20.14300  6.82588  -20.02110  5.18221
-19.16960  8.42753  -18.78520  11.03230  -18.69590  11.18120  -18.86670  10.85790  -18.84570  10.75120  -18.84930  10.62800  -18.94360  10.43930  -18.92820  10.37060  -18.95420  10.27550  -18.88190  10.36510  -18.96760  10.35680  -18.94440  10.45650  -18.99430  10.58470  -18.93770  10.77080  -18.92020  10.75640  -18.94560  10.35310  -19.04410  9.36590  -19.14710  7.83356  -19.02780  6.18382
-18.17210  9.34789  -17.78940  12.03020  -17.70240  12.17920  -17.86540  11.86300  -17.84510  11.75250  -17.85520  11.62160  -17.94900  11.43110  -17.93620  11.35960  -17.96100  11.26700  -17.88930  11.35590  -17.97270  11.35000  -17.94970  11.45010  -18.00180  11.57770  -17.94410  11.76720  -17.92770  11.75500  -17.94760  11.36100  -18.05070  10.37340  -18.14750  8.84564  -18.02860  7.19238
-17.18070  10.21060  -16.78790  13.02920  -16.70390  13.18160  -16.87240  12.85920  -16.85030  12.74770  -16.86460  12.61220  -16.95410  12.42280  -16.94000  12.35420  -16.96780  12.25710  -16.90020  12.34200  -16.98060  12.33940  -16.95780  12.43940  -17.01580  12.56250  -16.95710  12.75260  -16.94100  12.74480  -16.95610  12.35860  -17.06320  11.37310  -17.16260  9.84469  -17.04790  8.18495
-16.19540  10.98920  -15.79130  14.02000  -15.70820  14.17960  -15.87540  13.85870  -15.85200  13.74510  -15.87320  13.59900  -15.96080  13.41200  -15.94930  13.33850  -15.97690  13.24210  -15.90900  13.32700  -15.99210  13.32100  -15.97090  13.41850  -16.02660  13.54510  -15.96790  13.73530  -15.95130  13.73190  -15.96710  13.34680  -16.07280  12.37310  -16.17820  10.84360  -16.06460  9.17861
-15.21160  11.67560  -14.79460  15.00250  -14.71150  15.17680  -14.88090  14.85460  -14.85810  14.73670  -14.88260  14.58510  -14.96970  14.39530  -14.95710  14.32200  -14.98370  14.22690  -14.91450  14.31070  -15.00290  14.29700  -14.98220  14.39450  -15.03730  14.52220  -14.97700  14.71210  -14.95900  14.71430  -14.97570  14.32230  -15.07820  13.36900  -15.18930  11.84820  -15.07690  10.17930
-14.22370  12.27920  -13.79660  15.97110  -13.71460  16.16890  -13.88670  15.84980  -13.86000  15.72960  -13.89190  15.56960  -13.97610  15.37780  -13.96440  15.30260  -13.98770  15.20940  -13.91840  15.28980  -14.01190  15.26460  -13.99030  15.36470  -14.04350  15.49330  -13.98130  15.67960  -13.96310  15.68330  -13.97910  15.24900  -14.07820  14.33720  -14.19480  12.85520  -14.08430  11.18700
-13.23340  12.81890  -12.79930  16.90150  -12.71830  17.14650  -12.88860  16.84070  -12.86420  16.71500  -12.89740  16.55050  -12.97870  16.35340  -12.96650  16.27900  -12.98780  16.18430  -12.91860  16.25130  -13.01570  16.19990  -12.99160  16.30770  -13.04360  16.44260  -12.98140  16.59160  -12.96080  16.59570  -12.97910  15.99450  -13.07170  15.17030  -13.19390  13.86420  -13.08350  12.20170
-12.23920  13.30970  -11.80760  17.70210  -11.72420  18.07730  -11.89330  17.81330  -11.86750  17.68810  -11.90040  17.52090  -11.98130  17.28030  -11.96830  17.22710  -11.98750  17.10730  -11.91580  17.10520  -12.01940  16.96180  -11.99220  17.09090  -12.04030  17.25980  -11.97630  17.28900  -11.95460  17.29400  -11.97460  16.52910  -12.05870  15.75660  -12.18610  14.86600  -12.07430  13.22370
-11.24020  13.75890  -10.82910  18.23080  -10.72310  18.87160  -10.89390  18.72910  -10.87630  18.61300  -10.89880  18.45000  -10.97840  18.12750  -10.96880  18.08830  -10.99710  17.88840  -10.92550  17.79540  -11.02220  17.56970  -10.98730  17.67920  -11.03190  17.83850  -10.96300  17.79790  -10.95120  17.81180  -10.99020  16.93860  -11.06780  16.16960  -11.16880  15.80740  -11.05680  14.25020
-10.23850  14.20830  -9.86436  18.51550  -9.70968  19.35470  -9.90380  19.51650  -9.89073  19.44050  -9.89834  19.30140  -9.98822  18.92860  -9.98897  18.87660  -10.01500  18.61270  -9.94160  18.47190  -10.01780  18.22120  -9.99366  18.27760  -10.04820  18.36400  -9.98393  18.29920  -9.96990  18.30060  -10.00970  17.34440  -10.07820  16.54320  -10.17420  16.51120  -10.07190  15.23040
-9.23284  14.67690  -8.90339  18.71740  -8.70054  19.53310  -8.90869  20.07790  -8.91040  20.08340  -8.91654  20.01130  -9.00532  19.66620  -9.00519  19.61650  -9.02836  19.35520  -8.95217  19.21670  -9.03852  18.94930  -9.01025  18.97720  -9.06791  18.99200  -8.99761  18.90510  -8.98290  18.87110  -9.02284  17.84160  -9.08207  16.98530  -9.17837  17.01650  -9.08462  16.13550
-8.22559  15.15860  -7.94030  18.85720  -7.70845  19.60690  -7.90578  20.30260  -7.93967  20.43390  -7.93355  20.42220  -8.02168  20.09720  -8.01809  20.10150  -8.03087  19.96290  -7.96153  19.92230  -8.05700  19.70680  -8.01965  19.71770  -8.08109  19.68590  -8.00538  19.58510  -7.98620  19.52940  -8.02782  18.45980  -8.07994  17.55070  -8.17189  17.47660  -8.08502  16.83130
-7.21489  15.65640  -6.97753  18.92750  -6.73202  19.65210  -6.90243  20.32180  -6.98694  20.50980  -6.95544  20.50740  -7.03283  20.24640  -7.02631  20.32290  -7.02314  20.30340  -6.97048  20.34270  -7.08747  20.25830  -7.01905  20.25150  -7.09876  20.23350  -7.00946  20.13750  -6.98065  20.14600  -7.02792  19.17380  -7.07306  18.23170  -7.16267  18.02070  -7.07726  17.36590
-6.20193  16.17050  -6.01120  18.92710  -5.76370  19.68370  -5.90411  20.25920  -6.05138  20.38140  -5.98043  20.33500  -6.04138  20.18190  -6.03416  20.33260  -5.99582  20.43210  -5.98169  20.55040  -6.12483  20.54870  -6.00960  20.55340  -6.12063  20.55140  -6.00677  20.44700  -5.96489  20.54330  -6.01922  19.83220  -6.06016  18.98120  -6.15232  18.68330  -6.06411  17.92420
-5.19620  16.68580  -5.04453  18.86930  -4.80612  19.58760  -4.91202  19.98710  -5.11217  20.12850  -5.00565  20.05180  -5.04963  19.89780  -5.04209  20.09530  -4.93921  20.37730  -4.99441  20.62080  -5.16344  20.70830  -4.99554  20.74020  -5.14092  20.75690  -4.99898  20.66280  -4.94028  20.83000  -5.00017  20.21180  -5.03609  19.62210  -5.14037  19.41380  -5.05221  18.59710
-4.18676  17.19230  -4.07673  18.76430  -3.84658  19.13840  -3.92118  19.39020  -4.17166  19.68560  -4.02315  19.66420  -4.05660  19.46390  -4.05163  19.61820  -3.86059  20.15070  -4.02114  20.55070  -4.19955  20.78060  -3.97618  20.83750  -4.16268  20.87490  -3.99073  20.81550  -3.91345  21.07270  -3.97493  20.45530  -3.99773  19.99530  -4.12210  20.04290  -4.03488  19.33580
-3.17496  17.65480  -3.10407  18.57380  -2.87389  18.22380  -2.93807  18.35340  -3.22472  18.92910  -3.04855  19.10390  -3.06244  18.91310  -3.07161  19.06730  -2.78021  19.81110  -3.05826  20.33230  -3.23164  20.76950  -2.95772  20.85300  -3.18418  20.92310  -2.98097  20.90350  -2.88512  21.27880  -2.94327  20.63290  -2.95562  20.22120  -3.09579  20.42900  -3.01465  19.95190
-2.15873  18.04460  -2.13391  17.94200  -1.88167  16.85220  -1.94616  17.16710  -2.26523  17.72860  -2.06776  18.37370  -2.06563  18.25340  -2.08862  18.54550  -1.71588  19.47560  -2.09752  19.98850  -2.25940  20.67000  -1.93962  20.78560  -2.20739  20.91060  -1.97275  20.92810  -1.85529  21.43540  -1.91169  20.75310  -1.91525  20.39270  -2.07947  20.69410  -2.00481  20.31390
-1.14094  18.27090  -1.16074  16.90820  -0.87985  15.53160  -0.95118  16.19120  -1.28381  16.44960  -1.08027  17.60260  -1.06510  17.61680  -1.10019  17.85990  -0.68431  19.17680  -1.13363  19.58160  -1.28174  20.47000  -0.92624  20.62780  -1.23136  20.84380  -0.96426  20.88630  -0.83088  21.51590  -0.88452  20.82080  -0.88231  20.50060  -1.08240  20.87330  -1.00840  20.55320
-0.11016  18.07620  -0.23107  5.37091  0.12237  14.44900  0.04767  15.40990  -0.28816  15.53350  -0.08858  16.91450  -0.06517  17.14400  -0.11096  17.03700  0.33327  18.82060  -0.15322  19.26500  -0.30301  20.16480  0.08106  20.37890  -0.25583  20.72920  0.03761  20.79280  0.18666  21.48000  0.13610  20.83860  0.14146  20.55440  -0.08763  21.01890  -0.02269  20.72650
1.10016  5.64993  0.77518  1.07310  1.14124  13.46940  1.04700  14.70430  0.71373  14.91210  0.90266  16.38450  0.93693  16.75260  0.88279  16.31610  1.34313  18.39180  0.83542  19.01380  0.67964  19.77320  1.07698  20.06400  0.71578  20.57260  1.03389  20.66500  1.19485  21.27790  1.14820  20.81260  1.15693  20.56380  0.88878  21.10030  0.95308  20.87360