T31_Chip Verification
L004X¡¢L024X¡¢L026X_MML004X_V2-85_VD=4V&ID=66mA_2025-09-01 15.55.43_85.0deg_OIP3 vs. Frequency.txt
OIP3 vs. Frequency_Frequency(GHz)_OIP3(dBm)
OIP3
1.00000  21.39351
1.50000  26.75646
2.00000  28.84220
2.50000  30.14997
3.00000  29.75630
3.50000  29.23019
4.00000  29.03655
4.50000  28.98151
5.00000  29.41714
5.50000  28.90626
6.00000  28.17204
6.50000  28.10655
7.00000  28.08035
7.50000  27.59726
8.00000  27.54782
8.50000  27.00629
9.00000  26.81613
9.50000  27.53679
10.00000  28.42075
