T31_Chip Verification
L004X¡¢L024X¡¢L026X_MML004X_V2-85_VD=4V&ID=66mA_2025-09-01 15.55.43_85.0deg_Gain vs. Pout.txt
Gain vs. Pout_Pout(dBm)_Gain(dB)
1.0GHz  1.5GHz  2.0GHz  2.5GHz  3.0GHz  3.5GHz  4.0GHz  4.5GHz  5.0GHz  5.5GHz  6.0GHz  6.5GHz  7.0GHz  7.5GHz  8.0GHz  8.5GHz  9.0GHz  9.5GHz  10.0GHz
-4.75809  26.33101  -1.59141  28.53109  -1.19376  28.65514  -1.39505  28.54835  -1.41006  28.46924  -1.28912  28.36868  -1.44939  28.29421  -1.51236  28.20814  -1.56617  28.13713  -1.50618  28.12832  -1.53881  28.17039  -1.48439  28.18311  -1.46169  28.28801  -1.38887  28.29773  -1.52021  28.12479  -2.05770  27.62530  -3.08748  26.68972  -4.64297  25.30733  -6.17981  23.62429
-2.73569  26.34101  -0.19484  28.53246  0.08191  28.65351  -0.24373  28.55047  -0.28498  28.46892  -0.24132  28.36768  -0.42751  28.28929  -0.49001  28.20889  -0.57256  28.13614  -0.53016  28.12864  -0.55336  28.17074  -0.50939  28.18891  -0.47050  28.29190  -0.40258  28.30052  -0.55415  28.12765  -1.07888  27.63432  -2.11484  26.69476  -3.65988  25.30942  -5.18937  23.62653
-1.74282  26.33308  0.84358  28.53038  1.05621  28.64811  0.79038  28.55528  0.70006  28.46856  0.74490  28.37130  0.55036  28.29186  0.47970  28.21240  0.40602  28.13772  0.45954  28.13254  0.40544  28.17154  0.45606  28.18956  0.48487  28.29237  0.56831  28.29981  0.41855  28.12975  -0.11163  27.63197  -1.14962  26.69478  -2.68451  25.31069  -4.22776  23.62594
-0.70331  26.33079  1.85711  28.53261  2.09171  28.65261  1.75657  28.54887  1.69309  28.47029  1.69264  28.37014  1.52384  28.28984  1.43730  28.21030  1.37545  28.13595  1.42412  28.12902  1.38058  28.17038  1.43132  28.18752  1.45761  28.29311  1.53716  28.30186  1.39165  28.13245  0.86071  27.63411  -0.16903  26.70447  -1.70516  25.31534  -3.24651  23.62829
0.24433  26.32913  2.80033  28.53223  3.06052  28.65562  2.74251  28.54791  2.67512  28.47272  2.67159  28.36699  2.49080  28.28970  2.42426  28.21246  2.35349  28.13739  2.40344  28.12954  2.34206  28.17396  2.39687  28.19187  2.43072  28.29522  2.51189  28.30419  2.36390  28.13920  1.85105  27.64385  0.80453  26.70513  -0.72105  25.31755  -2.27572  23.63018
1.22195  26.32335  3.81095  28.53075  4.04068  28.65628  3.74723  28.55143  3.67365  28.46855  3.64158  28.36808  3.46647  28.29227  3.40031  28.21091  3.32300  28.13930  3.38498  28.13228  3.32610  28.17530  3.37400  28.19120  3.40391  28.29721  3.48404  28.30564  3.34214  28.13724  2.83056  27.64536  1.78734  26.71184  0.25688  25.32079  -1.29771  23.63509
2.20070  26.31460  4.81749  28.53309  5.04214  28.65594  4.74531  28.55431  4.66834  28.46894  4.62061  28.36901  4.43730  28.28830  4.37140  28.20820  4.29895  28.13785  4.35554  28.12974  4.29620  28.17260  4.35379  28.19049  4.37993  28.29533  4.47279  28.30979  4.33155  28.14355  3.82395  27.65335  2.78148  26.72188  1.24844  25.32924  -0.30984  23.63766
3.19940  26.30060  5.78996  28.52876  6.03142  28.65502  5.73508  28.55268  5.65419  28.46689  5.59894  28.36544  5.42140  28.28570  5.35669  28.20999  5.28635  28.13625  5.33861  28.13081  5.27878  28.17598  5.34017  28.19437  5.36809  28.30009  5.46266  28.31326  5.32313  28.14953  4.81654  27.66384  3.77454  26.73024  2.24100  25.33230  0.67704  23.63954
4.15862  26.27852  6.77322  28.52192  7.02517  28.65187  6.73666  28.54836  6.65025  28.46485  6.58244  28.36444  6.41353  28.28693  6.34492  28.20912  6.27445  28.13695  6.32574  28.13174  6.26511  28.17591  6.32492  28.19402  6.35465  28.29935  6.45228  28.31558  6.31270  28.15180  5.80919  27.67049  4.77023  26.73753  3.23497  25.33787  1.67026  23.64326
5.11650  26.24610  7.77574  28.51664  8.02204  28.65004  7.73421  28.54971  7.64717  28.46347  7.57440  28.36230  7.39971  28.28481  7.33229  28.20539  7.26286  28.13416  7.31118  28.12998  7.25094  28.17544  7.31373  28.19443  7.34151  28.30041  7.43930  28.31600  7.30678  28.15698  6.81212  27.68202  5.77299  26.75039  4.23361  25.34571  2.66582  23.65002
6.06054  26.19274  8.75866  28.50696  9.01257  28.64617  8.72934  28.54694  8.64371  28.46041  8.55981  28.35861  8.38626  28.27886  8.31992  28.20102  8.25077  28.13227  8.29711  28.12961  8.24062  28.17542  8.30393  28.19453  8.33175  28.30175  8.43494  28.32154  8.30781  28.16611  7.81951  27.69691  6.78211  26.76631  5.23774  25.35724  3.66596  23.65786
6.96331  26.09701  9.73804  28.48774  9.99951  28.63551  9.72327  28.54297  9.63153  28.45383  9.54572  28.35402  9.37578  28.27488  9.30680  28.19670  9.23804  28.12974  9.28668  28.12708  9.23061  28.17731  9.29769  28.19699  9.32636  28.30456  9.43276  28.32656  9.30797  28.17337  8.82392  27.70762  7.79091  26.78071  6.24048  25.36518  4.66421  23.66441
7.80545  25.94265  10.70950  28.46060  10.98460  28.62260  10.72040  28.53440  10.62730  28.44900  10.53780  28.34960  10.36680  28.27150  10.29430  28.19360  10.22850  28.12690  10.27720  28.12580  10.21990  28.17550  10.28800  28.19330  10.31780  28.30330  10.42340  28.32550  10.30320  28.17570  9.83248  27.72108  8.79767  26.79627  7.25081  25.37781  5.67091  23.67251
8.56525  25.71645  11.66570  28.41860  11.96760  28.60730  11.70730  28.52880  11.61510  28.44080  11.51790  28.33900  11.35080  28.26100  11.28160  28.18460  11.21340  28.11900  11.25950  28.11840  11.20620  28.16930  11.27430  28.18710  11.29560  28.29610  11.40660  28.32270  11.29310  28.17860  10.83420  27.73270  9.80208  26.81458  8.25127  25.39367  6.66314  23.68504
9.23764  25.40024  12.59430  28.35380  12.93290  28.57840  12.68680  28.51210  12.59400  28.42420  12.49160  28.32490  12.32710  28.24700  12.25650  28.17090  12.19030  28.10870  12.23880  28.10860  12.18450  28.16200  12.25280  28.18110  12.27540  28.29020  12.38760  28.31720  12.28160  28.18060  11.82890  27.74010  10.80870  26.83220  9.25008  25.40928  7.65600  23.69740
9.83168  25.00318  13.47940  28.24510  13.88280  28.53130  13.65570  28.48730  13.56360  28.40060  13.46130  28.30530  13.29990  28.22970  13.23000  28.15290  13.16890  28.09250  13.21740  28.09410  13.16070  28.15010  13.22480  28.16580  13.24900  28.27450  13.36050  28.30060  13.26050  28.16730  12.81080  27.73130  11.80940  26.83880  10.25100  25.42260  8.65439  23.70889
10.37320  24.55040  14.30370  28.07730  14.80850  28.45550  14.61420  28.44970  14.52380  28.36630  14.42210  28.27580  14.26250  28.19930  14.19330  28.12450  14.13790  28.06710  14.18210  28.06600  14.11830  28.11840  14.18230  28.13190  14.20550  28.23910  14.31450  28.25940  14.22040  28.13200  13.75820  27.68410  12.79310  26.82530  11.25690  25.43550  9.65988  23.72338
10.88740  24.06440  15.03370  27.82300  15.67820  28.32740  15.54610  28.38610  15.46000  28.30930  15.36300  28.22350  15.19760  28.13900  15.13460  28.07020  15.08120  28.01200  15.11120  27.99580  15.02680  28.03380  15.09830  28.05150  15.13270  28.16920  15.21580  28.16310  15.13440  28.04530  14.60870  27.53650  13.71940  26.74670  12.26490  25.44410  10.67230  23.73700
11.38750  23.56400  15.64470  27.45730  16.43520  28.08780  16.41840  28.26140  16.34530  28.20090  16.25990  28.12720  16.05290  27.99780  16.00970  27.94950  15.94000  27.87230  15.92730  27.81120  15.79280  27.80500  15.87670  27.83180  15.95320  27.98880  15.97290  27.91770  15.90970  27.81670  15.30080  27.22610  14.49640  26.51540  13.26720  25.44000  11.68990  23.74870
11.88530  23.05800  16.12430  26.96740  16.99200  27.64400  17.16130  28.00630  17.11430  27.98570  17.05200  27.92120  16.78780  27.73380  16.76370  27.70670  16.65820  27.60160  16.59890  27.49690  16.42250  27.44050  16.49230  27.44300  16.59050  27.62130  16.56080  27.49470  16.51960  27.42490  15.83830  26.78090  15.08310  26.11770  14.23490  25.39320  12.70570  23.74980
12.38920  22.55760  16.46390  26.34185  17.32180  26.97936  17.68410  27.53869  17.68310  27.58096  17.66130  27.53394  17.35230  27.31328  17.34590  27.31259  17.24180  27.20370  17.17760  27.09465  16.99770  27.01890  17.02510  26.98249  17.09090  27.14180  17.03920  26.99639  17.02640  26.95180  16.30310  26.26825  15.56160  25.61270  15.06940  25.23800  13.67150  23.73320
12.90890  22.07005  16.67330  25.58773  17.49300  26.16556  17.94530  26.80449  17.98880  26.92133  18.01060  26.90759  17.70490  26.68690  17.73530  26.72273  17.67670  26.64988  17.65390  26.58638  17.50860  26.56344  17.51000  26.48579  17.54400  26.62331  17.48200  26.45655  17.49410  26.43153  16.77110  25.75112  16.02430  25.08162  15.74380  24.92367  14.59580  23.67287
13.44440  21.59906  16.77710  24.72587  17.54560  25.24267  17.98890  25.85220  18.03620  26.01944  18.07920  26.00195  17.84460  25.84556  17.93640  25.94241  17.94850  25.92198  17.98400  25.93256  17.91530  26.00461  17.90110  25.88843  17.92630  26.03109  17.84640  25.83280  17.91180  25.85143  17.25980  25.24548  16.52930  24.58521  16.29920  24.47956  15.41190  23.49511
13.99280  21.13991  16.79510  23.77889  17.44160  24.17114  17.85070  24.72163  17.89040  24.93344  17.90470  24.85796  17.78980  24.80426  17.94950  24.96850  18.06390  25.02071  18.18440  25.14710  18.18930  25.31585  18.18520  25.17405  18.20640  25.33551  18.10440  25.09871  18.23370  25.16690  17.69600  24.67925  17.05960  24.10537  16.81660  23.99003  16.07520  23.15606
14.54280  20.67881  16.74540  22.75944  17.10320  22.86543  17.47240  23.34892  17.59520  23.69670  17.60550  23.58455  17.56930  23.59230  17.76170  23.79159  18.02020  23.93241  18.26490  24.24573  18.35660  24.52028  18.37960  24.36251  18.40770  24.55902  18.29920  24.29379  18.48800  24.40842  18.00740  23.98152  17.52560  23.55178  17.33550  23.50073  16.63800  22.70994
15.06850  20.20301  16.59430  21.64113  16.52290  21.32044  16.83240  21.71700  17.13230  22.28342  17.21990  22.22025  17.21970  22.24806  17.38450  22.42471  17.83750  22.68254  18.21460  23.21588  18.43260  23.63020  18.48810  23.45944  18.53420  23.70419  18.44410  23.43337  18.70680  23.60633  18.23050  23.18728  17.86100  22.85747  17.79750  22.95207  17.16930  22.23351
15.54330  19.67322  16.21610  20.29885  15.68850  19.51007  15.95890  19.84838  16.47090  20.66615  16.73150  20.74547  16.71550  20.74363  16.90730  20.95487  17.57320  21.34753  18.03260  22.06471  18.42100  22.64897  18.51380  22.46859  18.59270  22.78204  18.53570  22.51924  18.89770  22.77527  18.40170  22.33678  18.10090  22.06082  18.14920  22.28770  17.63040  21.68231
15.88010  19.00141  15.56810  18.68572  14.67260  17.50893  15.04430  17.94551  15.59760  18.82685  16.15390  19.18724  16.11370  19.14116  16.39520  19.45494  17.30670  20.03115  17.75220  20.81969  18.32490  21.57905  18.46360  21.40333  18.59170  21.79959  18.57790  21.55457  19.05710  21.91087  18.52480  21.43169  18.27160  21.19290  18.41600  21.53130  17.96270  20.99944
15.93260  18.03604  14.75010  16.89642  13.64170  15.48980  14.23310  16.14166  14.66230  16.91325  15.53830  17.58586  15.54720  17.57386  15.76110  17.82858  17.03890  18.73427  17.44890  19.54501  18.15290  20.42740  18.33800  20.26243  18.53890  20.76607  18.56070  20.52949  19.16480  20.99438  18.59870  20.47860  18.38310  20.27186  18.61590  20.71827  18.19950  20.22980
15.64180  16.71439  4.73097  5.94056  12.68380  13.53839  13.53850  14.45236  13.87980  15.14094  14.97370  16.03116  15.10200  16.12655  15.08360  16.15568  16.72890  17.40280  17.18080  18.29555  17.90760  19.19804  18.14270  19.05763  18.44290  19.68977  18.49020  19.45245  19.18560  19.99624  18.61860  19.47570  18.44090  19.30292  18.76310  19.86559  18.38610  19.42134
4.22030  4.10896  0.28911  0.50711  11.81350  11.67565  12.90650  12.82308  13.28870  13.55539  14.52490  14.59224  14.75220  14.77233  14.49810  14.57432  16.38090  16.03673  16.92790  17.05499  17.61310  17.91773  17.88860  17.79944  18.30650  18.57269  18.38530  18.34684  19.08340  18.88247  18.59350  18.43448  18.45050  18.29414  18.86400  18.97721  18.54490  18.59309
1.81936  0.68057  -1.90889  -2.69966  11.01140  9.86508  12.33480  11.25394  12.77260  12.04333  14.18830  13.26934  14.46680  13.47913  14.07030  13.14732  16.03370  14.67407  16.66570  15.80746  17.34820  16.66187  17.61530  16.53231  18.14180  17.43166  18.26290  17.22884  18.84180  17.63769  18.53660  17.36893  18.42780  17.26212  18.93000  18.06714  18.67990  17.75147
