T31_Chip Verification
L004X¡¢L024X¡¢L026X_MML004X_V2-85_VD=3V&ID=42mA_2025-09-01 15.54.53_85.0deg_PxdB vs. Frequency.txt
PxdB vs. Frequency_Frequency(GHz)_PxdB(dBm)
P1dB  P3dB  P5dB
1.00000  6.22075  1.00000  8.74015  1.00000  11.31521
1.50000  12.58431  1.50000  14.28090  1.50000  14.31618
2.00000  14.23848  2.00000  14.94311  2.00000  14.54438
2.50000  14.83716  2.50000  15.23398  2.50000  14.76926
3.00000  14.81722  3.00000  15.23726  3.00000  14.80478
3.50000  14.87121  3.50000  15.35141  3.50000  14.95163
4.00000  14.47593  4.00000  15.22611  4.00000  15.01577
4.50000  14.48719  4.50000  15.28515  4.50000  15.13595
5.00000  14.44468  5.00000  15.28687  5.00000  15.30437
5.50000  14.37229  5.50000  15.36301  5.50000  15.55021
6.00000  14.22587  6.00000  15.41117  6.00000  15.74914
6.50000  14.21619  6.50000  15.28452  6.50000  15.73576
7.00000  14.32468  7.00000  15.33019  7.00000  15.77613
7.50000  14.17556  7.50000  15.10519  7.50000  15.46184
8.00000  14.24620  8.00000  15.31275  8.00000  15.78846
8.50000  13.73886  8.50000  14.91864  8.50000  15.49612
9.00000  13.43948  9.00000  14.70241  9.00000  15.42839
9.50000  14.10496  9.50000  15.24755  9.50000  15.84110
10.00000  14.14887  10.00000  15.15276  10.00000  15.68593
