T31_Chip Verification
L004X¡¢L024X¡¢L026X_MML004X_V2-85_VD=3V&ID=42mA_2025-09-01 15.54.53_85.0deg_Psat.txt
Saturation Power vs. Frequency_Frequency(GHz)_Psat(dBm)
Psat
1.00000  13.61070
1.50000  14.37840
2.00000  14.97570
2.50000  15.29100
3.00000  15.25210
3.50000  15.37440
4.00000  15.23040
4.50000  15.31730
5.00000  15.36620
5.50000  15.56260
6.00000  15.75260
6.50000  15.82040
7.00000  15.91410
7.50000  15.80090
8.00000  16.44380
8.50000  15.97990
9.00000  15.93220
9.50000  16.42530
10.00000  16.18140
