T31_Chip Verification
L004X¡¢L024X¡¢L026X_MML004X_V2-85_VD=3V&ID=42mA_2025-09-01 15.54.53_85.0deg_Pout vs. Pin.txt
Pout vs. Pin_Pin(dBm)_Pout(dBm)
1.0GHz  1.5GHz  2.0GHz  2.5GHz  3.0GHz  3.5GHz  4.0GHz  4.5GHz  5.0GHz  5.5GHz  6.0GHz  6.5GHz  7.0GHz  7.5GHz  8.0GHz  8.5GHz  9.0GHz  9.5GHz  10.0GHz
-31.18580  -6.22145  -30.12870  -2.91349  -29.78420  -2.42641  -29.97580  -2.69007  -29.92860  -2.71576  -29.65390  -2.51457  -29.73990  -2.67089  -29.74200  -2.74918  -29.69130  -2.78210  -29.64800  -2.76024  -29.73600  -2.83293  -29.67270  -2.79798  -29.80160  -2.88257  -29.67740  -2.80904  -29.65060  -3.00358  -29.66920  -3.53026  -29.80480  -4.55559  -29.98240  -6.03653  -29.81500  -7.46854
-29.06230  -4.09836  -28.69910  -1.48319  -28.55360  -1.19688  -28.79130  -1.50435  -28.80110  -1.58425  -28.62990  -1.49637  -28.73800  -1.66856  -28.73660  -1.74535  -28.68190  -1.77654  -28.66300  -1.77415  -28.75560  -1.85663  -28.70630  -1.83100  -28.82170  -1.90434  -28.70700  -1.84290  -28.67470  -2.02749  -28.71190  -2.56719  -28.81320  -3.56077  -28.99600  -5.04935  -28.84180  -6.49448
-28.10420  -3.14430  -27.74580  -0.52994  -27.56560  -0.20998  -27.76160  -0.48091  -27.81730  -0.60328  -27.65570  -0.52309  -27.75190  -0.68608  -27.74540  -0.75758  -27.72570  -0.81792  -27.68900  -0.80089  -27.79500  -0.89288  -27.72440  -0.85187  -27.84230  -0.92329  -27.74260  -0.87901  -27.70200  -1.05457  -27.73740  -1.59362  -27.84410  -2.59093  -28.02890  -4.08037  -27.86820  -5.52163
-27.09970  -2.14709  -26.70710  0.50837  -26.60340  0.74951  -26.79160  0.49004  -26.81340  0.39725  -26.68360  0.45094  -26.77890  0.28793  -26.78500  0.20484  -26.74900  0.15736  -26.71310  0.17340  -26.82260  0.08002  -26.76740  0.10404  -26.87620  0.03926  -26.77240  0.09219  -26.73610  -0.09017  -26.75670  -0.61365  -26.87140  -1.61673  -27.04210  -3.09311  -26.89740  -4.54739
-26.11580  -1.16667  -25.72360  1.48992  -25.54860  1.80366  -25.76610  1.51267  -25.81810  1.39163  -25.71680  1.41265  -25.81060  1.25307  -25.79980  1.18597  -25.77910  1.12447  -25.74280  1.14072  -25.86540  1.03458  -25.79160  1.07760  -25.90250  1.01238  -25.79910  1.06186  -25.76410  0.88274  -25.78070  0.36534  -25.89920  -0.64028  -26.06290  -2.11122  -25.92800  -3.57725
-25.09660  -0.16453  -24.72640  2.48196  -24.59620  2.75611  -24.80850  2.46546  -24.82400  2.38192  -24.73320  2.39241  -24.83460  2.22763  -24.82630  2.15493  -24.80300  2.09928  -24.76660  2.11710  -24.88730  2.01109  -24.82190  2.04634  -24.93240  1.98078  -24.82720  2.03771  -24.78170  1.86451  -24.80060  1.34686  -24.91950  0.34053  -25.08660  -1.13553  -24.94480  -2.59610
-24.13670  0.77679  -23.73630  3.46606  -23.60540  3.74223  -23.81270  3.46473  -23.83220  3.37219  -23.75850  3.36768  -23.85580  3.20425  -23.84990  3.12843  -23.81600  3.08431  -23.77740  3.10164  -23.90700  2.98845  -23.83940  3.02466  -23.95320  2.95723  -23.84150  3.01739  -23.80270  2.84283  -23.82190  2.32738  -23.94020  1.32395  -24.10180  -0.14776  -23.96560  -1.61187
-23.12230  1.75971  -22.74710  4.45028  -22.61310  4.73263  -22.80730  4.46492  -22.83580  4.36227  -22.78110  4.34029  -22.86630  4.18563  -22.86490  4.10905  -22.83700  4.05820  -22.79930  4.07318  -22.92900  3.96184  -22.85800  4.00177  -22.96740  3.93933  -22.85710  3.99987  -22.81620  3.82836  -22.83320  3.32028  -22.95240  2.31711  -23.11620  0.84254  -22.97780  -0.62237
-22.14030  2.68536  -21.75340  5.43154  -21.61730  5.72157  -21.82020  5.44666  -21.83810  5.35343  -21.79140  5.32345  -21.87950  5.16699  -21.87340  5.09340  -21.84860  5.04042  -21.81440  5.05439  -21.94170  4.94700  -21.87020  4.98651  -21.98250  4.91989  -21.87160  4.98227  -21.82850  4.81344  -21.84750  4.30785  -21.96330  3.31056  -22.12480  1.83627  -21.98960  0.36610
-21.14510  3.59280  -20.76650  6.39807  -20.61990  6.70832  -20.81530  6.44258  -20.84090  6.34600  -20.79140  6.31652  -20.88380  6.15548  -20.88610  6.07409  -20.85480  6.02778  -20.83050  6.03422  -20.95900  5.92472  -20.88310  5.96716  -20.99360  5.90233  -20.88370  5.96351  -20.83750  5.79975  -20.85770  5.29906  -20.97370  4.30285  -21.13400  2.82752  -21.00170  1.35795
-20.15770  4.44919  -19.76750  7.36821  -19.62250  7.69142  -19.81710  7.43325  -19.84130  7.33446  -19.80380  7.29292  -19.89430  7.13285  -19.89300  7.05745  -19.86840  7.00349  -19.83870  7.01535  -19.96760  6.90548  -19.89170  6.94875  -20.00360  6.88101  -19.89270  6.94666  -19.84770  6.78691  -19.86620  6.29533  -19.98110  5.30093  -20.14100  3.82373  -20.00870  2.35346
-19.16020  5.24662  -18.76870  8.32338  -18.61830  8.67262  -18.81380  8.42336  -18.84390  8.31748  -18.81150  8.26973  -18.90250  8.11176  -18.90210  8.03206  -18.87590  7.98441  -18.84730  7.99448  -18.97910  7.88573  -18.90060  7.92887  -19.01410  7.86012  -18.89910  7.93095  -18.85400  7.77571  -18.87360  7.29075  -18.98670  6.30412  -19.14500  4.82269  -19.01420  3.34844
-18.16700  5.95545  -17.77340  9.25302  -17.62300  9.63667  -17.81040  9.40694  -17.84500  9.29643  -17.81880  9.24600  -17.90700  9.08847  -17.90820  9.00868  -17.88150  8.96278  -17.85510  8.97316  -17.98790  8.86409  -17.90620  8.91147  -18.02140  8.83658  -17.90720  8.90774  -17.86250  8.75577  -17.87590  8.28646  -17.99470  7.30184  -18.14700  5.82425  -18.01740  4.34775
-17.17050  6.58808  -16.77840  10.15030  -16.62720  10.58640  -16.81790  10.37220  -16.85100  10.26500  -16.82740  10.21310  -16.91540  10.05650  -16.91390  9.97981  -16.88900  9.93338  -16.86690  9.93900  -16.99590  9.83552  -16.91630  9.87898  -17.03690  9.79744  -16.92200  9.86882  -16.87580  9.72488  -16.88530  9.27057  -17.00830  8.29083  -17.16330  6.81160  -17.03710  5.32914
-16.17270  7.16942  -15.78770  10.99820  -15.63100  11.51290  -15.82260  11.32790  -15.85680  11.22120  -15.83970  11.16300  -15.92350  11.01090  -15.92560  10.93300  -15.89790  10.88930  -15.87700  10.89270  -16.01180  10.78850  -15.93020  10.82890  -16.05060  10.74770  -15.93480  10.82000  -15.88630  10.68600  -15.89860  10.24120  -16.01930  9.28119  -16.17960  7.79802  -16.05680  6.31363
-15.17200  7.71700  -14.80360  11.77140  -14.63190  12.40340  -14.82660  12.26180  -14.86450  12.15350  -14.84970  12.09980  -14.93240  11.94930  -14.93390  11.87020  -14.90450  11.83240  -14.88470  11.83480  -15.02310  11.72870  -14.94120  11.76370  -15.06250  11.68180  -14.94500  11.75090  -14.89480  11.62670  -14.90780  11.18330  -15.02350  10.25670  -15.19160  8.78589  -15.06960  7.30029
-14.16720  8.24714  -13.82260  12.46510  -13.63380  13.23340  -13.83110  13.15400  -13.87220  13.05240  -13.86010  13.00710  -13.93910  12.85000  -13.94200  12.77560  -13.90940  12.74200  -13.89120  12.73480  -14.03580  12.61930  -13.95060  12.65810  -14.07120  12.57960  -13.95030  12.63560  -13.89980  12.52330  -13.91280  12.06510  -14.02590  11.19110  -14.19800  9.77191  -14.07810  8.29124
-13.15970  8.77415  -12.84510  13.08100  -12.63600  13.95260  -12.83270  13.97930  -12.88250  13.88330  -12.86900  13.85380  -12.94540  13.65480  -12.94780  13.60300  -12.91100  13.56650  -12.89320  13.53760  -13.04480  13.40630  -12.95430  13.45180  -13.07540  13.40390  -12.95230  13.42360  -12.89880  13.32950  -12.91530  12.84060  -13.02150  12.03990  -13.19820  10.75050  -13.08000  9.28514
-12.15250  9.31492  -11.87250  13.61650  -11.64600  14.50650  -11.83770  14.66130  -11.89690  14.57490  -11.87600  14.56010  -11.94930  14.30550  -11.95270  14.27060  -11.91060  14.23120  -11.89330  14.18490  -12.05380  14.03430  -11.95570  14.08020  -12.07520  14.08120  -11.95020  14.05520  -11.89220  13.99720  -11.91270  13.48240  -12.01280  12.76660  -12.19100  11.69980  -12.07330  10.27740
-11.14550  9.86723  -10.90390  14.02810  -10.65650  14.85950  -10.83680  15.11560  -10.92240  15.04440  -10.88160  15.06770  -10.94980  14.78580  -10.95780  14.75020  -10.91980  14.70390  -10.90810  14.66900  -11.06230  14.52920  -10.95100  14.54860  -11.07190  14.58440  -10.94110  14.52160  -10.88960  14.51180  -10.93040  13.97930  -11.02680  13.33690  -11.17590  12.58400  -11.05880  11.25420
-10.14040  10.43620  -9.93757  14.28090  -9.67460  14.97570  -9.84598  15.29100  -9.96116  15.25210  -9.88911  15.34130  -9.96516  15.09210  -9.98348  15.07470  -9.93505  15.02710  -9.93040  15.02290  -10.06910  14.93340  -9.95716  14.90610  -10.09370  14.93850  -9.96497  14.84370  -9.90748  14.89480  -9.95094  14.37220  -10.04110  13.79120  -10.18470  13.32820  -10.07670  12.15190
-9.13278  11.02300  -8.97191  14.37840  -8.69897  14.84940  -8.85184  15.22030  -9.00938  15.24340  -8.91845  15.37440  -8.98582  15.23040  -9.00469  15.27200  -8.94276  15.24910  -8.94930  15.28690  -9.10500  15.25420  -8.97412  15.19220  -9.12185  15.20900  -8.98290  15.06730  -8.91800  15.18460  -8.96550  14.70630  -9.04422  14.17850  -9.19365  13.93400  -9.09170  12.96020
-8.12597  11.62690  -8.00540  14.33680  -7.72530  14.51170  -7.85914  14.93540  -8.06450  15.05310  -7.94811  15.19620  -8.00325  15.20380  -8.02303  15.31730  -7.93670  15.36620  -7.96690  15.46840  -8.14047  15.49750  -7.98478  15.43070  -8.14535  15.43000  -7.99393  15.23510  -7.91875  15.40530  -7.97031  14.99250  -8.03770  14.53910  -8.19177  14.41580  -8.09669  13.65300
-7.11987  12.23570  -7.04227  14.12370  -6.75284  14.01090  -6.86662  14.46720  -7.11568  14.70320  -6.97680  14.88030  -7.01334  15.00950  -7.03517  15.18440  -6.91086  15.34690  -6.98424  15.56260  -7.17518  15.66040  -6.98643  15.62220  -7.16659  15.61950  -7.00119  15.38130  -6.91355  15.60020  -6.96886  15.23310  -7.02112  14.87660  -7.18155  14.80480  -7.09504  14.20200
-6.11010  12.83020  -6.07562  13.74360  -5.77284  13.37800  -5.87139  13.84000  -6.15747  14.23590  -5.99732  14.49170  -6.01917  14.64720  -6.04497  14.88400  -5.86207  15.20040  -6.00351  15.54340  -6.20725  15.74890  -5.98040  15.75760  -6.18446  15.77270  -6.00060  15.52000  -5.90242  15.78270  -5.95999  15.44060  -5.99651  15.16760  -6.16753  15.12580  -6.08686  14.61770
-5.10798  13.33600  -5.11075  13.25550  -4.79422  12.66620  -4.87573  13.12820  -5.18881  13.67870  -5.01261  14.05330  -5.02076  14.15500  -5.05131  14.46780  -4.80353  14.98910  -5.02528  15.40430  -5.23568  15.75260  -4.96894  15.82040  -5.19850  15.87900  -4.99523  15.64790  -4.88527  15.96130  -4.94467  15.61270  -4.96611  15.40400  -5.15382  15.39540  -5.08049  14.93310
-4.09994  13.61070  -4.14503  12.69890  -3.81640  11.93080  -3.87844  12.44570  -4.21746  13.04920  -4.01975  13.57180  -4.01587  13.62180  -4.05150  13.94720  -3.75678  14.76350  -4.05359  15.18240  -4.26135  15.66820  -3.95359  15.79270  -4.21358  15.91410  -3.98876  15.74990  -3.86572  16.13580  -3.92541  15.75630  -3.93207  15.59300  -4.13851  15.62790  -4.07059  15.18530
-3.08482  13.56670  -3.17467  12.11420  -2.83884  11.20580  -2.89027  11.85800  -3.23982  12.40050  -3.03649  13.09610  -3.01008  13.14500  -3.05760  13.35020  -2.72619  14.51500  -3.07917  14.92910  -3.28095  15.51200  -2.93941  15.68550  -3.22765  15.88520  -2.98121  15.80090  -2.84490  16.29680  -2.89939  15.87430  -2.89616  15.74490  -3.11798  15.84110  -3.05767  15.40340
-2.05790  13.27510  -2.19592  11.52310  -1.85693  10.50540  -1.89714  11.32920  -2.25632  11.82490  -2.04904  12.68170  -2.00433  12.77240  -2.05878  12.77180  -1.69482  14.24480  -2.09607  14.67050  -2.29468  15.29800  -1.92517  15.51490  -2.24219  15.80360  -1.97343  15.79400  -1.82282  16.41470  -1.87491  15.95030  -1.86722  15.85350  -2.10680  16.03110  -2.05240  15.60990
-0.88228  1.04924  -1.21070  10.89550  -0.97825  2.83442  -0.90424  10.83560  -1.26887  11.35410  -1.06214  12.36840  -0.99560  12.50460  -1.05795  12.32050  -0.66196  13.98470  -1.11139  14.43260  -1.30321  15.06580  -0.91660  15.29940  -1.25641  15.68330  -0.96641  15.74100  -0.80587  16.44380  -0.85387  15.97990  -0.84528  15.91370  -1.10784  16.19540  -1.05717  15.80630
0.13853  -0.64879  -0.24206  -3.53482  -0.03111  -2.66090  0.09358  10.37460  -0.27985  10.94230  -0.07677  12.14810  0.01510  12.32580  -0.05640  12.03420  0.37599  13.76680  -0.12750  14.22760  -0.30849  14.86250  0.08684  15.08140  -0.27047  15.53480  0.03466  15.66010  0.20422  16.34180  0.16175  15.96340  0.16620  15.93220  -0.11992  16.32960  -0.06842  15.99880
1.15495  -1.85839  0.76886  -5.02469  0.96443  -4.75103  1.09124  9.95800  0.66575  4.52813  0.90336  11.98180  1.02653  12.18760  0.94476  11.86660  1.41593  13.58570  0.84882  14.07250  0.68661  14.72140  1.08184  14.90300  0.71130  15.36580  1.03007  15.57020  1.20392  16.11480  1.16886  15.91690  1.16416  15.91550  0.85177  16.42530  0.90995  16.18140
