T31_Chip Verification
L004X¡¢L024X¡¢L026X_MML004X_V2-40_-VD=3V&ID=42mA_2025-09-01 15.38.55_-40.0deg_Psat.txt 
Saturation Power vs. Frequency_Frequency(GHz)_Psat(dBm)
Psat
1.00000  14.82970
1.50000  15.01030
2.00000  15.56700
2.50000  15.84930
3.00000  15.78610
3.50000  15.95980
4.00000  15.84440
4.50000  15.94470
5.00000  15.86160
5.50000  16.09390
6.00000  16.32060
6.50000  16.34910
7.00000  16.37820
7.50000  16.23370
8.00000  16.83690
8.50000  16.42980
9.00000  16.35930
9.50000  16.92520
10.00000  16.87680