T31_Chip Verification
L004X¡¢L024X¡¢L026X_MML004X_V2-85_-VD=4V&ID=66mA_2025-09-01 15.55.43_85.0deg_Psat.txt 
Saturation Power vs. Frequency_Frequency(GHz)_Psat(dBm)
Psat
1.00000  15.93260
1.50000  16.79510
2.00000  17.54560
2.50000  17.98890
3.00000  18.03620
3.50000  18.07920
4.00000  17.84460
4.50000  17.94950
5.00000  18.06390
5.50000  18.26490
6.00000  18.43260
6.50000  18.51380
7.00000  18.59270
7.50000  18.57790
8.00000  19.18560
8.50000  18.61860
9.00000  18.45050
9.50000  18.93000
10.00000  18.67990